# Blender v2.70 (sub 0) OBJ File: ''
# www.blender.org
o Suzanne
v 0.984197 1.421060 0.784576
v 0.109197 1.421060 0.784576
v 1.046697 1.350748 0.706451
v 0.046697 1.350748 0.706451
v 1.093572 1.311685 0.597076
v -0.000178 1.311685 0.597076
v 0.898259 1.233560 0.636139
v 0.195134 1.233560 0.636139
v 0.898259 1.288248 0.737701
v 0.195134 1.288248 0.737701
v 0.898259 1.389810 0.800201
v 0.195134 1.389810 0.800201
v 0.820134 1.421060 0.815826
v 0.273259 1.421060 0.815826
v 0.749822 1.350748 0.761139
v 0.343572 1.350748 0.761139
v 0.702947 1.311685 0.667389
v 0.390447 1.311685 0.667389
v 0.624822 1.499185 0.675201
v 0.468572 1.499185 0.675201
v 0.687322 1.499185 0.761139
v 0.406072 1.499185 0.761139
v 0.788884 1.499185 0.815826
v 0.304509 1.499185 0.815826
v 0.820134 1.585123 0.815826
v 0.273259 1.585123 0.815826
v 0.749822 1.647623 0.761139
v 0.343572 1.647623 0.761139
v 0.702947 1.694498 0.667389
v 0.390447 1.694498 0.667389
v 0.898259 1.772623 0.636139
v 0.195134 1.772623 0.636139
v 0.898259 1.710123 0.737701
v 0.195134 1.710123 0.737701
v 0.898259 1.616373 0.800201
v 0.195134 1.616373 0.800201
v 0.984197 1.585123 0.784576
v 0.109197 1.585123 0.784576
v 1.046697 1.647623 0.706451
v 0.046697 1.647623 0.706451
v 1.093572 1.694498 0.597076
v -0.000178 1.694498 0.597076
v 1.171697 1.499185 0.581451
v -0.078303 1.499185 0.581451
v 1.109197 1.499185 0.690826
v -0.015803 1.499185 0.690826
v 1.015447 1.499185 0.776764
v 0.077947 1.499185 0.776764
v 1.023259 1.499185 0.792389
v 0.070134 1.499185 0.792389
v 0.992009 1.592935 0.800201
v 0.101384 1.592935 0.800201
v 0.898259 1.631998 0.823639
v 0.195134 1.631998 0.823639
v 0.812322 1.592935 0.839264
v 0.281072 1.592935 0.839264
v 0.773259 1.499185 0.839264
v 0.320134 1.499185 0.839264
v 0.812322 1.413248 0.839264
v 0.281072 1.413248 0.839264
v 0.898259 1.499185 0.847076
v 0.195134 1.499185 0.847076
v 0.898259 1.374185 0.823639
v 0.195134 1.374185 0.823639
v 0.992009 1.413248 0.800201
v 0.101384 1.413248 0.800201
v 0.546697 1.686685 0.761139
v 0.546697 1.608560 0.839264
v 0.546697 0.577310 0.753326
v 0.546697 0.936685 0.800201
v 0.546697 1.069498 0.815826
v 0.546697 0.483560 0.737701
v 0.546697 1.663248 0.620514
v 0.546697 1.827310 0.589264
v 0.546697 2.155436 -0.527924
v 0.546697 1.819498 -0.832611
v 0.546697 1.327310 -0.809174
v 0.546697 0.874185 -0.332611
v 0.749822 1.069498 0.581451
v 0.343572 1.069498 0.581451
v 0.859197 0.819498 0.589264
v 0.234197 0.819498 0.589264
v 0.898259 0.561685 0.589264
v 0.195134 0.561685 0.589264
v 0.913884 0.366373 0.550201
v 0.179509 0.366373 0.550201
v 0.874822 0.311685 0.542389
v 0.218572 0.311685 0.542389
v 0.726384 0.288248 0.573639
v 0.367009 0.288248 0.573639
v 0.546697 0.272623 0.597076
v 0.984197 1.116373 0.550201
v 0.109197 1.116373 0.550201
v 1.179509 1.217935 0.558014
v -0.086116 1.217935 0.558014
v 1.374822 1.405435 0.464264
v -0.281428 1.405435 0.464264
v 1.406072 1.686685 0.612701
v -0.312678 1.686685 0.612701
v 1.257634 1.741373 0.643951
v -0.164241 1.741373 0.643951
v 1.038884 1.858560 0.706451
v 0.054509 1.858560 0.706451
v 0.867009 2.014811 0.753326
v 0.226384 2.014811 0.753326
v 0.702947 1.975748 0.776764
v 0.390447 1.975748 0.776764
v 0.609197 1.749185 0.768951
v 0.484197 1.749185 0.768951
v 0.710759 1.671060 0.792389
v 0.382634 1.671060 0.792389
v 0.671697 1.561685 0.784576
v 0.421697 1.561685 0.784576
v 0.749822 1.350748 0.761139
v 0.343572 1.350748 0.761139
v 0.921697 1.272623 0.722076
v 0.171697 1.272623 0.722076
v 1.038884 1.319498 0.690826
v 0.054509 1.319498 0.690826
v 1.171697 1.444498 0.667389
v -0.078303 1.444498 0.667389
v 1.187322 1.553873 0.667389
v -0.093928 1.553873 0.667389
v 1.148259 1.631998 0.683014
v -0.054866 1.631998 0.683014
v 0.976384 1.694498 0.737701
v 0.117009 1.694498 0.737701
v 0.796697 1.725748 0.776764
v 0.296697 1.725748 0.776764
v 0.546697 0.491373 0.753326
v 0.656072 0.538248 0.753326
v 0.437322 0.538248 0.753326
v 0.663884 0.421060 0.729889
v 0.429509 0.421060 0.729889
v 0.609197 0.374185 0.714264
v 0.484197 0.374185 0.714264
v 0.546697 0.366373 0.706451
v 0.546697 1.061685 0.768951
v 0.546697 1.116373 0.761139
v 0.648259 1.108560 0.761139
v 0.445134 1.108560 0.761139
v 0.671697 1.030435 0.768951
v 0.421697 1.030435 0.768951
v 0.632634 0.967935 0.761139
v 0.460759 0.967935 0.761139
v 0.945134 1.210123 0.690826
v 0.148259 1.210123 0.690826
v 1.163884 1.311685 0.643951
v -0.070491 1.311685 0.643951
v 1.273259 1.460123 0.620514
v -0.179866 1.460123 0.620514
v 1.288884 1.631998 0.675201
v -0.195491 1.631998 0.675201
v 1.234197 1.671060 0.745514
v -0.140803 1.671060 0.745514
v 0.984197 1.803873 0.815826
v 0.109197 1.803873 0.815826
v 0.859197 1.897623 0.854889
v 0.234197 1.897623 0.854889
v 0.749822 1.874185 0.870514
v 0.343572 1.874185 0.870514
v 0.648259 1.686685 0.862701
v 0.445134 1.686685 0.862701
v 0.671697 1.155435 0.831451
v 0.421697 1.155435 0.831451
v 0.757634 0.811685 0.729889
v 0.335759 0.811685 0.729889
v 0.796697 0.553873 0.706451
v 0.296697 0.553873 0.706451
v 0.812322 0.436685 0.683014
v 0.281072 0.436685 0.683014
v 0.781072 0.342935 0.651764
v 0.312322 0.342935 0.651764
v 0.710759 0.327310 0.651764
v 0.382634 0.327310 0.651764
v 0.546697 0.311685 0.659576
v 0.546697 1.303873 0.745514
v 0.546697 1.467935 0.784576
v 0.874822 1.733560 0.761139
v 0.218572 1.733560 0.761139
v 0.710759 1.397623 0.768951
v 0.382634 1.397623 0.768951
v 0.679509 1.467935 0.776764
v 0.413884 1.467935 0.776764
v 0.663884 0.569498 0.753326
v 0.429509 0.569498 0.753326
v 0.624822 0.811685 0.768951
v 0.468572 0.811685 0.768951
v 0.546697 0.811685 0.768951
v 0.546697 0.928873 0.761139
v 0.640447 0.983560 0.800201
v 0.452947 0.983560 0.800201
v 0.679509 1.030435 0.815826
v 0.413884 1.030435 0.815826
v 0.656072 1.124185 0.800201
v 0.437322 1.124185 0.800201
v 0.585759 1.131998 0.800201
v 0.507634 1.131998 0.800201
v 0.546697 1.053873 0.847076
v 0.593572 1.108560 0.831451
v 0.499822 1.108560 0.831451
v 0.640447 1.100748 0.831451
v 0.452947 1.100748 0.831451
v 0.656072 1.030435 0.847076
v 0.437322 1.030435 0.847076
v 0.624822 1.006998 0.823639
v 0.468572 1.006998 0.823639
v 0.546697 0.967935 0.823639
v 0.804509 0.944498 0.573639
v 0.288884 0.944498 0.573639
v 0.710759 1.014810 0.729889
v 0.382634 1.014810 0.729889
v 0.726384 0.944498 0.729889
v 0.367009 0.944498 0.729889
v 0.781072 1.006998 0.573639
v 0.312322 1.006998 0.573639
v 0.546697 0.381998 0.706451
v 0.593572 0.389810 0.706451
v 0.499822 0.389810 0.706451
v 0.640447 0.436685 0.729889
v 0.452947 0.436685 0.729889
v 0.640447 0.514810 0.745514
v 0.452947 0.514810 0.745514
v 0.546697 0.475748 0.675201
v 0.640447 0.506998 0.683014
v 0.452947 0.506998 0.683014
v 0.640447 0.444498 0.659576
v 0.452947 0.444498 0.659576
v 0.593572 0.405435 0.651764
v 0.499822 0.405435 0.651764
v 0.546697 0.397623 0.651764
v 0.718572 1.475748 0.800201
v 0.374822 1.475748 0.800201
v 0.734197 1.413248 0.792389
v 0.359197 1.413248 0.792389
v 0.882634 1.686685 0.776764
v 0.210759 1.686685 0.776764
v 0.820134 1.678873 0.792389
v 0.273259 1.678873 0.792389
v 0.968572 1.655435 0.792389
v 0.124822 1.655435 0.792389
v 1.109197 1.608560 0.714264
v -0.015803 1.608560 0.714264
v 1.132634 1.546060 0.706451
v -0.039241 1.546060 0.706451
v 1.124822 1.452310 0.698639
v -0.031428 1.452310 0.698639
v 1.023259 1.358560 0.737701
v 0.070134 1.358560 0.737701
v 0.921697 1.319498 0.761139
v 0.171697 1.319498 0.761139
v 0.773259 1.366373 0.800201
v 0.320134 1.366373 0.800201
v 0.726384 1.553873 0.800201
v 0.367009 1.553873 0.800201
v 0.757634 1.631998 0.800201
v 0.335759 1.631998 0.800201
v 0.781072 1.616373 0.776764
v 0.312322 1.616373 0.776764
v 0.742009 1.553873 0.776764
v 0.351384 1.553873 0.776764
v 0.788884 1.381998 0.776764
v 0.304509 1.381998 0.776764
v 0.921697 1.342935 0.745514
v 0.171697 1.342935 0.745514
v 1.007634 1.374185 0.722076
v 0.085759 1.374185 0.722076
v 1.093572 1.467935 0.690826
v -0.000178 1.467935 0.690826
v 1.101384 1.538248 0.690826
v -0.007991 1.538248 0.690826
v 1.077947 1.592935 0.698639
v 0.015447 1.592935 0.698639
v 0.960759 1.647623 0.768951
v 0.132634 1.647623 0.768951
v 0.827947 1.655435 0.784576
v 0.265447 1.655435 0.784576
v 0.882634 1.663248 0.768951
v 0.210759 1.663248 0.768951
v 0.749822 1.428873 0.768951
v 0.343572 1.428873 0.768951
v 0.742009 1.483560 0.768951
v 0.351384 1.483560 0.768951
v 0.656072 1.717935 0.628326
v 0.437322 1.717935 0.628326
v 0.742009 1.921060 0.636139
v 0.351384 1.921060 0.636139
v 0.882634 1.944498 0.612701
v 0.210759 1.944498 0.612701
v 1.031072 1.811685 0.573639
v 0.062322 1.811685 0.573639
v 1.226384 1.710123 0.511139
v -0.132991 1.710123 0.511139
v 1.343572 1.663248 0.479889
v -0.250178 1.663248 0.479889
v 1.320134 1.421060 0.393951
v -0.226741 1.421060 0.393951
v 1.148259 1.256998 0.433014
v -0.054866 1.256998 0.433014
v 0.984197 1.163248 0.487701
v 0.109197 1.163248 0.487701
v 0.546697 2.155436 0.308014
v 0.546697 2.241373 -0.059174
v 0.546697 1.061685 -0.652924
v 0.546697 0.796060 0.206451
v 0.546697 0.280435 0.479889
v 0.546697 0.452310 0.362701
v 0.546697 0.686685 0.339264
v 0.546697 0.772623 0.300201
v 1.398259 1.491373 0.073639
v -0.304866 1.491373 0.073639
v 1.406072 1.577310 -0.027924
v -0.312678 1.577310 -0.027924
v 1.320134 1.522623 -0.418549
v -0.226741 1.522623 -0.418549
v 1.007634 1.694498 -0.684174
v 0.085759 1.694498 -0.684174
v 1.281072 1.210123 0.089264
v -0.187678 1.210123 0.089264
v 1.140447 1.131998 -0.145111
v -0.047053 1.131998 -0.145111
v 1.187322 1.249185 -0.410736
v -0.093928 1.249185 -0.410736
v 0.882634 1.311685 -0.645111
v 0.210759 1.311685 -0.645111
v 0.781072 0.905435 0.425201
v 0.312322 0.905435 0.425201
v 0.726384 0.842935 0.276764
v 0.367009 0.842935 0.276764
v 0.835759 0.546060 0.401764
v 0.257634 0.546060 0.401764
v 0.796697 0.756998 0.409576
v 0.296697 0.756998 0.409576
v 0.874822 0.342935 0.417389
v 0.218572 0.342935 0.417389
v 0.687322 0.499185 0.386139
v 0.406072 0.499185 0.386139
v 0.671697 0.717935 0.378326
v 0.421697 0.717935 0.378326
v 0.710759 0.311685 0.456451
v 0.382634 0.311685 0.456451
v 0.765447 0.975748 0.448639
v 0.327947 0.975748 0.448639
v 0.757634 1.030435 0.487701
v 0.335759 1.030435 0.487701
v 0.749822 1.085123 0.518951
v 0.343572 1.085123 0.518951
v 0.757634 0.866373 0.183014
v 0.335759 0.866373 0.183014
v 0.843572 0.944498 -0.246674
v 0.249822 0.944498 -0.246674
v 0.890447 1.108560 -0.520111
v 0.202947 1.108560 -0.520111
v 0.999822 2.124186 -0.363861
v 0.093572 2.124186 -0.363861
v 0.999822 2.186686 -0.051361
v 0.093572 2.186686 -0.051361
v 0.999822 2.108561 0.253326
v 0.093572 2.108561 0.253326
v 1.007634 1.780435 0.448639
v 0.085759 1.780435 0.448639
v 1.273259 1.663248 0.354889
v -0.179866 1.663248 0.354889
v 1.179509 1.710123 0.300201
v -0.086116 1.710123 0.300201
v 1.187322 1.960123 0.073639
v -0.093928 1.960123 0.073639
v 1.343572 1.819498 0.143951
v -0.250178 1.819498 0.143951
v 1.343572 1.874185 -0.098236
v -0.250178 1.874185 -0.098236
v 1.187322 2.006998 -0.176361
v -0.093928 2.006998 -0.176361
v 1.187322 1.936685 -0.426361
v -0.093928 1.936685 -0.426361
v 1.343572 1.796060 -0.340424
v -0.250178 1.796060 -0.340424
v 1.163884 1.585123 -0.566986
v -0.070491 1.585123 -0.566986
v 1.031072 1.280435 -0.527924
v 0.062322 1.280435 -0.527924
v 1.367009 1.585123 -0.184174
v -0.273616 1.585123 -0.184174
v 0.952947 1.085123 0.167389
v 0.140447 1.085123 0.167389
v 0.976384 1.061685 -0.191986
v 0.117009 1.061685 -0.191986
v 1.437322 1.663248 -0.215424
v -0.343928 1.663248 -0.215424
v 1.320134 1.116373 -0.106049
v -0.226741 1.116373 -0.106049
v 1.585759 1.155435 -0.309174
v -0.492366 1.155435 -0.309174
v 1.827947 1.311685 -0.410736
v -0.734553 1.311685 -0.410736
v 1.898259 1.577310 -0.402924
v -0.804866 1.577310 -0.402924
v 1.781072 1.764810 -0.402924
v -0.687678 1.764810 -0.402924
v 1.570134 1.733560 -0.293549
v -0.476741 1.733560 -0.293549
v 1.562322 1.671060 -0.270111
v -0.468928 1.671060 -0.270111
v 1.734197 1.694498 -0.371674
v -0.640803 1.694498 -0.371674
v 1.812322 1.546060 -0.387299
v -0.718928 1.546060 -0.387299
v 1.757634 1.335123 -0.387299
v -0.664241 1.335123 -0.387299
v 1.577947 1.217935 -0.285736
v -0.484553 1.217935 -0.285736
v 1.374822 1.186685 -0.113861
v -0.281428 1.186685 -0.113861
v 1.468572 1.616373 -0.199799
v -0.375178 1.616373 -0.199799
v 1.492009 1.561685 -0.270111
v -0.398616 1.561685 -0.270111
v 1.429509 1.233560 -0.191986
v -0.336116 1.233560 -0.191986
v 1.585759 1.256998 -0.348236
v -0.492366 1.256998 -0.348236
v 1.734197 1.350748 -0.426361
v -0.640803 1.350748 -0.426361
v 1.781072 1.506998 -0.426361
v -0.687678 1.506998 -0.426361
v 1.718572 1.616373 -0.418549
v -0.625178 1.616373 -0.418549
v 1.570134 1.600748 -0.340424
v -0.476741 1.600748 -0.340424
v 1.390447 1.546060 -0.191986
v -0.297053 1.546060 -0.191986
v 1.382634 1.428873 -0.254486
v -0.289241 1.428873 -0.254486
v 1.304509 1.350748 -0.254486
v -0.211116 1.350748 -0.254486
v 1.367009 1.342935 -0.254486
v -0.273616 1.342935 -0.254486
v 1.390447 1.272623 -0.254486
v -0.297053 1.272623 -0.254486
v 1.359197 1.241373 -0.254486
v -0.265803 1.241373 -0.254486
v 1.273259 1.256998 -0.051361
v -0.179866 1.256998 -0.051361
v 1.265447 1.233560 -0.152924
v -0.172053 1.233560 -0.152924
v 1.265447 1.296060 -0.168549
v -0.172053 1.296060 -0.168549
v 1.343572 1.460123 -0.191986
v -0.250178 1.460123 -0.191986
v 1.437322 1.499185 -0.246674
v -0.343928 1.499185 -0.246674
v 1.437322 1.491373 -0.301361
v -0.343928 1.491373 -0.301361
v 1.359197 1.241373 -0.301361
v -0.265803 1.241373 -0.301361
v 1.398259 1.272623 -0.301361
v -0.304866 1.272623 -0.301361
v 1.374822 1.335123 -0.301361
v -0.281428 1.335123 -0.301361
v 1.312322 1.350748 -0.301361
v -0.218928 1.350748 -0.301361
v 1.390447 1.428873 -0.301361
v -0.297053 1.428873 -0.301361
v 1.585759 1.585123 -0.395111
v -0.492366 1.585123 -0.395111
v 1.734197 1.600748 -0.465424
v -0.640803 1.600748 -0.465424
v 1.804509 1.499185 -0.473236
v -0.711116 1.499185 -0.473236
v 1.757634 1.342935 -0.465424
v -0.664241 1.342935 -0.465424
v 1.593572 1.256998 -0.402924
v -0.500178 1.256998 -0.402924
v 1.429509 1.241373 -0.246674
v -0.336116 1.241373 -0.246674
v 1.499822 1.546060 -0.324799
v -0.406428 1.546060 -0.324799
v 1.437322 1.366373 -0.309174
v -0.343928 1.366373 -0.309174
v 1.484197 1.319498 -0.316986
v -0.390803 1.319498 -0.316986
v 1.546697 1.381998 -0.348236
v -0.453303 1.381998 -0.348236
v 1.507634 1.428873 -0.332611
v -0.414241 1.428873 -0.332611
v 1.562322 1.491373 -0.356049
v -0.468928 1.491373 -0.356049
v 1.601384 1.444498 -0.363861
v -0.507991 1.444498 -0.363861
v 1.656072 1.467935 -0.371674
v -0.562678 1.467935 -0.371674
v 1.632634 1.530435 -0.371674
v -0.539241 1.530435 -0.371674
v 1.570134 1.694498 -0.465424
v -0.476741 1.694498 -0.465424
v 1.796697 1.725748 -0.527924
v -0.703303 1.725748 -0.527924
v 1.913884 1.553873 -0.481049
v -0.820491 1.553873 -0.481049
v 1.859197 1.311685 -0.512299
v -0.765803 1.311685 -0.512299
v 1.585759 1.171060 -0.473236
v -0.492366 1.171060 -0.473236
v 1.335759 1.131998 -0.309174
v -0.242366 1.131998 -0.309174
v 1.406072 1.639810 -0.363861
v -0.312678 1.639810 -0.363861
vn 0.666010 -0.204926 0.717242
vn -0.663036 -0.192883 0.723312
vn 0.830101 -0.307090 0.465433
vn -0.828520 -0.299015 0.473440
vn 0.408092 -0.803817 0.432826
vn -0.425062 -0.779280 0.460483
vn 0.371366 -0.486617 0.790753
vn -0.338487 -0.548583 0.764515
vn -0.099184 -0.547220 0.831091
vn 0.039275 -0.523693 0.851001
vn -0.258889 -0.838801 0.478946
vn 0.283710 -0.844293 0.454619
vn -0.765568 -0.322344 0.556777
vn 0.765568 -0.322344 0.556777
vn -0.464927 -0.195759 0.863436
vn 0.476731 -0.190693 0.858117
vn -0.482283 0.203067 0.852154
vn 0.467208 0.169894 0.867671
vn -0.771028 0.324643 0.547835
vn 0.771028 0.324643 0.547835
vn -0.265910 0.820997 0.505229
vn 0.265910 0.820997 0.505229
vn -0.055385 0.553849 0.830773
vn 0.055386 0.553849 0.830773
vn 0.344839 0.578836 0.738942
vn -0.344839 0.578837 0.738941
vn 0.423136 0.752933 0.504031
vn -0.423136 0.752934 0.504030
vn 0.828520 0.299015 0.473440
vn -0.828520 0.299015 0.473440
vn 0.665187 0.175917 0.725658
vn -0.665186 0.175917 0.725659
vn 0.768352 0.329292 -0.548819
vn -0.768350 0.329293 -0.548821
vn 0.197728 0.815623 -0.543749
vn -0.197728 0.815623 -0.543749
vn -0.408249 0.816496 -0.408249
vn 0.408248 0.816497 -0.408248
vn -0.796396 0.289599 -0.530929
vn 0.796397 0.289599 -0.530928
vn -0.832846 -0.378566 -0.403801
vn 0.789473 -0.315789 -0.526317
vn -0.432041 -0.750388 -0.500258
vn 0.408249 -0.816497 -0.408247
vn 0.214293 -0.826574 -0.520436
vn -0.197728 -0.815623 -0.543749
vn 0.839964 -0.343622 -0.419982
vn -0.752218 -0.356312 -0.554265
vn 0.400039 -0.062344 0.914375
vn -0.400039 -0.062344 0.914375
vn 0.306938 -0.175393 0.935429
vn -0.306938 -0.175393 0.935429
vn 0.094512 -0.183464 0.978473
vn -0.094512 -0.183464 0.978473
vn -0.062353 -0.028342 0.997652
vn 0.062353 -0.028342 0.997652
vn -0.062357 0.025982 0.997716
vn 0.062357 0.025982 0.997716
vn 0.099561 0.172922 0.979891
vn -0.099561 0.172922 0.979891
vn 0.303571 0.165584 0.938310
vn -0.303571 0.165584 0.938310
vn 0.400164 0.057166 0.914659
vn -0.400163 0.057166 0.914659
vn 0.105862 -0.880771 0.461558
vn -0.105862 -0.880771 0.461558
vn 0.196715 -0.885219 0.421533
vn -0.196715 -0.885219 0.421533
vn 0.623035 -0.426287 0.655826
vn -0.548630 -0.488780 0.678306
vn 0.789793 -0.017320 0.613129
vn -0.756147 -0.069645 0.650685
vn 0.752771 0.054417 0.656029
vn -0.801466 0.121434 0.585582
vn 0.435894 -0.688254 0.579916
vn -0.229854 -0.896039 0.379843
vn 0.292803 -0.619133 0.728656
vn -0.292803 -0.619133 0.728656
vn 0.689836 -0.414590 0.593499
vn -0.689086 -0.423923 0.587750
vn 0.572976 -0.431433 0.696825
vn -0.572976 -0.431432 0.696825
vn 0.386059 0.714361 0.583649
vn -0.386059 0.714361 0.583650
vn 0.507932 0.641599 0.574766
vn -0.507932 0.641599 0.574766
vn 0.581007 0.510582 0.633827
vn -0.630433 0.520792 0.575613
vn -0.051676 0.664392 0.745595
vn 0.051675 0.664392 0.745596
vn -0.787931 0.307647 0.533403
vn 0.787930 0.307647 0.533403
vn -0.622543 0.553372 0.553372
vn 0.622543 0.553372 0.553372
vn 0.401600 -0.395017 0.826244
vn -0.401600 -0.395017 0.826244
vn 0.222422 -0.467656 0.855468
vn -0.218052 -0.470991 0.854763
vn -0.171076 -0.564549 0.807476
vn 0.171076 -0.564549 0.807476
vn -0.180308 -0.703398 0.687546
vn 0.180308 -0.703398 0.687547
vn 0.420679 -0.613696 0.668137
vn -0.420679 -0.613696 0.668137
vn 0.437336 -0.308531 0.844716
vn -0.437336 -0.308531 0.844716
vn 0.343363 -0.105650 0.933242
vn -0.343362 -0.105650 0.933242
vn 0.337089 -0.316864 0.886548
vn -0.337090 -0.316864 0.886548
vn 0.428411 0.149446 0.891140
vn -0.428411 0.149446 0.891140
vn -0.292158 0.282884 0.913576
vn -0.386906 0.171414 0.906047
vn 0.429933 -0.721674 0.542535
vn -0.429933 -0.721675 0.542534
vn 0.054742 -0.361903 0.930607
vn -0.386341 -0.044578 0.921278
vn -0.062564 -0.137640 0.988504
vn 0.062564 -0.137640 0.988504
vn 0.097666 -0.647680 0.755627
vn -0.020354 -0.783677 0.620835
vn 0.147044 -0.661694 0.735214
vn -0.207391 -0.518476 0.829561
vn 0.482516 -0.140734 0.864507
vn -0.482516 -0.140734 0.864507
vn 0.332047 -0.007298 0.943235
vn -0.281888 -0.044419 0.958419
vn 0.313972 -0.145772 0.938175
vn -0.359532 -0.089883 0.928794
vn -0.030222 0.066489 0.997329
vn 0.030222 0.066489 0.997329
vn 0.000000 -0.064382 0.997925
vn -0.000002 0.000000 1.000000
vn 0.000002 0.000000 1.000000
vn 0.744074 -0.658217 0.114475
vn -0.847337 -0.511933 -0.141225
vn 0.963518 0.214115 -0.160586
vn -0.925625 0.249206 -0.284806
vn 0.098456 0.886106 -0.452904
vn -0.098456 0.886107 -0.452902
vn -0.854358 0.512615 -0.085436
vn 0.854358 0.512614 -0.085436
vn 0.398335 -0.876335 0.270864
vn -0.398335 -0.876335 0.270863
vn 0.287345 -0.574695 0.766263
vn -0.287345 -0.574694 0.766263
vn -0.520721 0.615394 0.591727
vn 0.781404 0.558146 0.279073
vn 0.127000 0.762000 0.635002
vn -0.089713 0.807410 0.583130
vn 0.745355 0.298143 0.596286
vn -0.745355 0.298143 0.596286
vn 0.000000 -0.707107 0.707107
vn -0.604552 -0.654931 0.453411
vn 0.048635 0.226961 0.972689
vn -0.048635 0.226961 0.972689
vn 0.428572 -0.857144 0.285711
vn 0.056293 -0.262700 0.963234
vn -0.781795 -0.366157 0.504703
vn -0.006390 0.083044 0.996525
vn 0.581914 -0.363696 0.727393
vn 0.872872 -0.218218 0.436436
vn 0.243483 -0.268670 0.931951
vn -0.243482 -0.268670 0.931951
vn 0.282005 0.033841 0.958816
vn -0.282005 0.033841 0.958816
vn 0.816497 0.408248 0.408248
vn -0.816497 0.408248 0.408248
vn 0.868219 0.325582 0.374421
vn -0.868220 0.325582 0.374420
vn 0.910178 -0.044590 0.411809
vn -0.893156 0.430173 0.131240
vn 0.357931 -0.835170 0.417585
vn -0.357930 -0.835170 0.417585
vn -0.192450 -0.192450 0.962250
vn 0.135318 -0.202979 0.969788
vn -0.188145 -0.282217 0.940721
vn 0.356917 0.107074 0.927979
vn -0.065512 0.393073 0.917171
vn 0.124035 0.000000 0.992278
vn -0.158234 0.949410 0.271260
vn 0.158234 0.949410 0.271260
vn -0.646159 0.758535 0.084282
vn 0.739601 0.647150 0.184900
vn -1.000000 0.000000 0.000000
vn 1.000000 0.000000 0.000000
vn 0.305141 -0.944953 0.118119
vn -0.305141 -0.944953 0.118119
vn 0.052632 -0.315789 0.947368
vn -0.015961 -0.287311 0.957704
vn 0.135293 -0.347895 0.927720
vn -0.135293 -0.347895 0.927720
vn -0.598985 -0.245039 0.762347
vn 0.448142 -0.293016 0.844577
vn -0.521443 0.052144 0.851692
vn 0.286863 -0.103271 0.952389
vn -0.270908 0.028025 0.962197
vn 0.270908 0.028025 0.962197
vn -0.577349 -0.577351 0.577351
vn 0.577350 -0.577350 0.577350
vn 0.000000 -0.640184 0.768221
vn 0.265485 -0.829636 0.491144
vn 0.397220 -0.635553 0.662034
vn -0.418605 -0.581395 0.697674
vn 0.516784 -0.214514 0.828805
vn -0.591413 -0.511493 0.623382
vn 0.588229 -0.115717 0.800373
vn -0.544022 -0.077718 0.835464
vn 0.573169 0.124602 0.809909
vn -0.573169 0.124602 0.809909
vn 0.434746 0.702282 0.563734
vn -0.434747 0.702283 0.563733
vn -0.061283 0.306426 0.949920
vn -0.406303 0.715093 0.568824
vn 0.177195 0.389825 0.903681
vn -0.152408 0.335302 0.929701
vn -0.012941 0.181147 0.983371
vn 0.021878 0.306290 0.951687
vn 0.447550 -0.469926 0.760835
vn -0.447547 -0.469925 0.760836
vn 0.296335 -0.211667 0.931334
vn -0.266679 -0.304776 0.914327
vn -0.276289 -0.303918 0.911755
vn 0.276289 -0.303918 0.911755
vn -0.116249 -0.929981 0.348742
vn 0.116249 -0.929981 0.348743
vn -0.320711 -0.267262 0.908689
vn 0.381001 -0.254000 0.889001
vn -0.439234 -0.038194 0.897561
vn 0.439232 -0.038194 0.897561
vn -0.053235 0.359361 0.931679
vn 0.221584 0.569779 0.791361
vn -0.082759 0.662083 0.744847
vn 0.082759 0.662085 0.744845
vn 0.366677 0.516064 0.774096
vn -0.366677 0.516064 0.774096
vn 0.498782 0.529956 0.685830
vn -0.498786 0.529958 0.685826
vn 0.738201 -0.461376 0.492130
vn -0.601444 -0.240578 0.761831
vn 0.806064 -0.065357 0.588209
vn -0.829184 -0.082918 0.552791
vn 0.790344 0.112907 0.602170
vn -0.779987 0.118180 0.614535
vn -0.404311 0.855017 -0.324774
vn 0.694716 0.709497 -0.118250
vn -0.846507 0.372757 -0.380102
vn 0.855186 0.366508 -0.366508
vn -0.267242 0.849692 -0.454539
vn 0.267242 0.849691 -0.454539
vn 0.596286 0.745355 -0.298143
vn -0.596285 0.745355 -0.298144
vn 0.383925 0.874593 -0.296122
vn -0.383926 0.874593 -0.296122
vn 0.285868 0.911603 -0.295397
vn -0.278943 0.918076 -0.281651
vn 0.793636 0.212660 -0.570015
vn -0.793636 0.212660 -0.570015
vn 0.595505 -0.712308 -0.371473
vn -0.452713 -0.728585 -0.514018
vn 0.249041 -0.774794 -0.581096
vn -0.440781 -0.819480 -0.366284
vn 0.043139 -0.413418 -0.909519
vn -0.043139 -0.413418 -0.909519
vn 0.318353 -0.094327 -0.943268
vn -0.318352 -0.094327 -0.943268
vn 0.309502 -0.535676 -0.785659
vn -0.309502 -0.535676 -0.785659
vn 0.177679 -0.981909 -0.065461
vn -0.058475 -0.977375 -0.203272
vn 0.134050 -0.968141 -0.211502
vn -0.101592 -0.965123 -0.241281
vn 0.980180 0.192192 0.048048
vn -0.608215 -0.331400 -0.721282
vn 0.944069 0.184939 -0.273005
vn -0.920777 0.146009 -0.361734
vn 0.247475 -0.016921 -0.968747
vn -0.087930 0.053124 -0.994709
vn -0.209312 -0.114950 -0.971069
vn 0.209312 -0.114950 -0.971069
vn 0.204116 0.123707 -0.971099
vn -0.204116 0.123707 -0.971099
vn 0.918440 0.135787 -0.371525
vn -0.920408 0.139456 -0.365241
vn 0.931845 0.289437 -0.218842
vn -0.931845 0.289437 -0.218841
vn 0.913248 0.296188 -0.279733
vn -0.913248 0.296189 -0.279733
vn 0.882456 0.455774 -0.116368
vn -0.882456 0.455774 -0.116368
vn 0.279448 -0.931493 -0.232873
vn -0.279448 -0.931493 -0.232873
vn 0.367655 -0.477094 -0.798255
vn -0.367655 -0.477094 -0.798255
vn 0.290628 -0.841642 -0.455164
vn -0.290628 -0.841642 -0.455163
vn 0.303089 -0.946421 -0.111459
vn -0.265974 -0.954013 -0.138263
vn 0.348743 -0.929981 -0.116246
vn -0.284208 -0.930136 -0.232534
vn 0.690269 -0.721849 0.049627
vn -0.690269 -0.721849 0.049627
vn 0.861521 -0.337915 0.378940
vn -0.691649 -0.722163 0.010172
vn 0.256742 -0.180715 -0.949434
vn -0.256742 -0.180715 -0.949434
vn 0.129094 0.960558 0.246297
vn -0.129094 0.960558 0.246297
vn 0.137321 0.971291 -0.194258
vn -0.120926 0.976388 -0.179005
vn 0.387556 0.555474 -0.735696
vn -0.300033 0.640864 -0.706593
vn 0.565951 0.760495 -0.318350
vn -0.352190 0.932651 -0.078264
vn 0.343167 0.696426 0.630260
vn 0.094386 0.670139 0.736210
vn 0.583767 0.791981 0.178834
vn -0.625482 0.766875 0.143790
vn 0.715915 0.664471 -0.214346
vn -0.690128 0.696658 -0.195936
vn 0.716578 0.217341 -0.662781
vn -0.716578 0.217341 -0.662781
vn 0.058015 0.367428 -0.928241
vn -0.714499 0.426452 -0.554644
vn 0.595903 0.773063 -0.217424
vn -0.675140 0.723364 -0.144673
vn 0.690541 0.710905 0.133295
vn -0.738071 0.653580 0.167585
vn 0.677195 0.482375 0.555627
vn -0.776627 0.335766 0.533021
vn 0.434689 0.895385 -0.096598
vn -0.434689 0.895385 -0.096598
vn 0.299340 0.493283 0.816742
vn -0.299340 0.493283 0.816742
vn -0.178175 0.089087 -0.979958
vn 0.170233 0.109686 -0.979280
vn 0.023299 0.968843 -0.246579
vn -0.041931 0.372965 0.926897
vn -0.161573 0.184654 0.969431
vn 0.161572 0.184654 0.969431
vn 0.966017 -0.164293 0.199549
vn -0.966016 -0.164293 0.199549
vn 0.945596 0.013329 0.325072
vn -0.933361 0.235393 0.270976
vn 0.996980 0.075750 0.017105
vn -0.901926 0.379315 -0.206516
vn 0.995115 -0.093955 0.030308
vn -0.995115 -0.093955 0.030308
vn 0.662474 -0.749076 -0.003701
vn -0.662473 -0.749076 -0.003701
vn 0.372238 -0.924278 0.084556
vn -0.372238 -0.924278 0.084556
vn 0.387671 -0.903540 0.182554
vn -0.548020 -0.773958 0.317275
vn 0.848946 -0.221464 0.479839
vn -0.499284 -0.851720 0.159026
vn 0.732489 -0.636817 0.240675
vn -0.732489 -0.636817 0.240675
vn 0.263732 -0.449896 0.853252
vn -0.263732 -0.449896 0.853252
vn 0.538262 -0.284111 -0.793445
vn -0.538262 -0.284111 -0.793445
vn 0.431031 -0.297118 -0.852017
vn -0.431031 -0.297118 -0.852017
vn 0.456720 -0.777659 -0.432033
vn -0.456720 -0.777659 -0.432033
vn 0.744954 -0.620629 -0.244672
vn -0.744954 -0.620629 -0.244671
vn 0.497205 -0.440774 -0.747333
vn -0.497205 -0.440774 -0.747332
vn 0.259061 0.456441 0.851204
vn -0.259061 0.456442 0.851204
vn 0.503291 0.047933 0.862786
vn -0.410191 0.274828 0.869605
vn 0.415279 0.123700 0.901245
vn -0.415278 0.123700 0.901245
vn 0.196561 -0.050960 0.979166
vn -0.196562 -0.050960 0.979166
vn 0.372046 0.212598 0.903540
vn -0.372046 0.212597 0.903540
vn 0.624650 -0.412141 0.663289
vn -0.613245 -0.208998 0.761741
vn 0.613780 0.409190 0.675157
vn -0.327985 0.782120 0.529825
vn -0.269338 0.831434 0.485979
vn 0.264199 0.830336 0.490653
vn -0.863870 0.259160 0.431932
vn 0.863869 0.259160 0.431933
vn -0.528033 -0.356779 0.770643
vn 0.528033 -0.356779 0.770643
vn 0.415649 -0.619627 0.665807
vn -0.415649 -0.619626 0.665807
vn 0.714341 -0.416697 0.562211
vn -0.688357 -0.473246 0.549730
vn 0.622061 -0.774465 -0.115081
vn -0.622061 -0.774466 -0.115081
vn -0.184950 0.249468 0.950557
vn 0.184950 0.249468 0.950557
vn 0.914238 -0.366421 -0.172931
vn -0.887036 -0.383852 -0.256564
vn -0.120386 0.240772 0.963087
vn -0.371133 0.037113 0.927838
vn 0.023355 0.994904 0.098088
vn -0.137793 0.803792 0.578733
vn 0.580247 0.197531 0.790124
vn -0.580247 0.197531 0.790124
vn 0.580199 0.193400 0.791180
vn -0.102194 0.817552 0.566714
vn 0.749674 -0.270716 0.603905
vn -0.749674 -0.270716 0.603905
vn 0.689502 -0.376092 0.618984
vn -0.689502 -0.376092 0.618985
vn 0.466759 -0.432936 0.771169
vn -0.466759 -0.432936 0.771169
vn 0.171249 -0.093409 0.980790
vn -0.955108 -0.163648 -0.246959
vn 0.912871 -0.365148 -0.182574
vn -0.912871 -0.365148 -0.182574
vn 0.997202 -0.018135 -0.072524
vn -0.997202 -0.018131 -0.072524
vn 0.676753 -0.728811 0.104116
vn -0.772350 -0.573034 0.274059
vn 0.775715 -0.617699 0.129286
vn -0.775715 -0.617698 0.129286
vn 0.702247 -0.702247 0.117041
vn -0.702247 -0.702247 0.117041
vn 0.122756 0.982049 -0.143215
vn -0.122756 0.982049 -0.143215
vn 0.937042 0.312348 0.156174
vn -0.937043 0.312348 0.156174
vn 0.624695 -0.780869 0.000000
vn -0.702247 -0.702247 0.117040
vn -0.109335 0.984015 0.140574
vn -0.110432 0.993884 0.000000
vn 0.586648 -0.752680 0.298858
vn -0.661828 -0.649340 0.374622
vn 0.252880 -0.908786 0.331904
vn -0.296806 -0.871867 0.389557
vn -0.822210 -0.562565 -0.086551
vn 0.827111 -0.448433 -0.338815
vn -0.847427 0.254228 -0.466085
vn 0.847427 0.254229 -0.466084
vn -0.635054 0.589691 -0.498970
vn 0.635053 0.589692 -0.498970
vn -0.172328 0.984732 -0.024618
vn 0.172328 0.984732 -0.024618
vn 0.149020 0.055882 0.987254
vn -0.149020 0.055882 0.987254
vn 0.312348 0.156174 0.937043
vn -0.312348 0.156174 0.937043
vn 0.236807 0.035521 0.970907
vn -0.382990 0.011264 0.923684
vn 0.155870 -0.034638 0.987170
vn -0.155869 -0.034638 0.987170
vn 0.308264 -0.181332 0.933859
vn -0.328721 0.595807 0.732773
vn 0.400809 -0.007157 0.916134
vn -0.400809 -0.007157 0.916134
vn 0.082885 -0.062164 0.994618
vn -0.082885 -0.062164 0.994618
vn 0.071067 -0.071067 0.994937
vn -0.041065 0.164260 0.985562
vn -0.404820 0.751809 0.520483
vn 0.404821 0.751809 0.520484
vn -0.538138 0.739941 0.403604
vn -0.691363 -0.055889 0.720343
vn 0.452597 -0.177556 0.873859
vn -0.452597 -0.177557 0.873859
vn 0.411054 -0.845596 0.340591
vn -0.411054 -0.845597 0.340588
vn 0.525059 0.196897 0.827976
vn -0.525067 0.302312 0.795558
vn 0.297964 0.580246 0.757979
vn -0.297964 0.580245 0.757979
vn 0.110453 -0.991568 -0.067778
vn -0.073694 -0.992789 -0.094551
vn 0.446086 -0.890959 -0.084853
vn -0.585489 -0.790410 0.180152
vn 0.924652 -0.253129 0.284508
vn -0.924652 -0.253129 0.284508
vn 0.847951 0.529969 0.010600
vn -0.847951 0.529969 0.010599
vn -0.298427 0.899732 -0.318470
vn 0.298426 0.899733 -0.318470
vn -0.542986 0.818860 -0.186104
vn 0.542987 0.818859 -0.186104
vn -0.548228 -0.003883 -0.836320
vn 0.548228 -0.003883 -0.836320
vn -0.113643 -0.054588 -0.992021
vn 0.266747 0.006422 -0.963745
vn 0.404624 0.026581 -0.914097
vn -0.404624 0.026581 -0.914097
vn -0.748378 0.662720 -0.027050
vn 0.748378 0.662721 -0.027050
vn 0.469239 -0.158527 -0.868726
vn -0.816497 -0.408248 -0.408248
vn -0.570200 -0.814570 -0.106521
vn -0.007891 -0.915403 -0.402462
vn 0.663036 -0.192883 0.723312
vn -0.666010 -0.204926 0.717242
vn 0.828520 -0.299015 0.473440
vn -0.830101 -0.307090 0.465433
vn 0.425062 -0.779280 0.460484
vn -0.408092 -0.803817 0.432826
vn 0.338487 -0.548583 0.764515
vn -0.371366 -0.486617 0.790753
vn -0.039277 -0.523693 0.851001
vn 0.099184 -0.547220 0.831091
vn -0.283710 -0.844293 0.454619
vn 0.258889 -0.838801 0.478945
vn -0.774250 -0.344720 0.530759
vn 0.774250 -0.344720 0.530759
vn -0.476730 -0.190693 0.858117
vn 0.464927 -0.195759 0.863436
vn -0.467208 0.169894 0.867671
vn 0.482283 0.203067 0.852154
vn -0.764039 0.327842 0.555665
vn 0.764039 0.327842 0.555665
vn -0.241291 0.814358 0.527825
vn 0.241291 0.814358 0.527825
vn -0.115470 0.577349 0.808291
vn 0.115470 0.577349 0.808291
vn 0.378344 0.513467 0.770200
vn -0.378344 0.513467 0.770200
vn 0.406931 0.777955 0.478742
vn -0.406931 0.777955 0.478742
vn 0.827165 0.292478 0.479847
vn -0.827165 0.292478 0.479847
vn 0.674819 0.209652 0.707577
vn -0.674819 0.209652 0.707577
vn 0.847998 0.317999 -0.423999
vn -0.847998 0.317999 -0.423999
vn 0.214293 0.826574 -0.520436
vn -0.214293 0.826574 -0.520436
vn -0.432040 0.750388 -0.500259
vn 0.432040 0.750388 -0.500259
vn -0.846181 0.352575 -0.399585
vn 0.846181 0.352575 -0.399585
vn -0.789474 -0.315789 -0.526316
vn 0.832845 -0.378566 -0.403804
vn -0.408248 -0.816497 -0.408248
vn 0.432040 -0.750388 -0.500259
vn 0.197727 -0.815623 -0.543749
vn -0.214292 -0.826571 -0.520441
vn 0.752217 -0.356313 -0.554265
vn -0.839964 -0.343622 -0.419982
vn 0.141433 -0.839474 0.524671
vn -0.141433 -0.839474 0.524671
vn 0.233571 -0.850198 0.471814
vn -0.233571 -0.850198 0.471814
vn 0.548630 -0.488780 0.678306
vn -0.623035 -0.426287 0.655826
vn 0.756147 -0.069645 0.650685
vn -0.789793 -0.017320 0.613129
vn 0.801465 0.121434 0.585582
vn -0.752771 0.054417 0.656029
vn 0.229854 -0.896039 0.379843
vn -0.435894 -0.688254 0.579916
vn 0.442082 -0.684793 0.579329
vn -0.442082 -0.684793 0.579329
vn 0.689086 -0.423923 0.587750
vn -0.689837 -0.414590 0.593499
vn 0.766752 -0.256891 0.588301
vn -0.766752 -0.256891 0.588301
vn 0.573765 -0.440072 0.690746
vn -0.573765 -0.440072 0.690746
vn 0.505129 0.650645 0.567015
vn -0.505129 0.650645 0.567015
vn 0.630432 0.520792 0.575613
vn -0.581008 0.510582 0.633827
vn -0.032791 0.655825 0.754201
vn 0.032791 0.655825 0.754201
vn -0.655169 0.326496 0.681288
vn 0.655169 0.326496 0.681288
vn -0.567735 0.555907 0.607161
vn 0.567735 0.555907 0.607161
vn 0.648352 -0.378709 0.660469
vn -0.648352 -0.378709 0.660469
vn 0.218051 -0.470991 0.854764
vn -0.222422 -0.467656 0.855468
vn 0.009908 -0.495403 0.868607
vn -0.009908 -0.495403 0.868607
vn 0.046213 -0.582801 0.811300
vn -0.046213 -0.582801 0.811300
vn -0.426252 -0.377537 0.822055
vn 0.426252 -0.377537 0.822055
vn -0.086092 0.012299 0.996211
vn 0.086092 0.012299 0.996211
vn 0.437362 -0.306154 0.845567
vn -0.437362 -0.306154 0.845567
vn 0.331080 -0.215201 0.918735
vn -0.331080 -0.215201 0.918735
vn 0.000000 -0.447214 0.894427
vn 0.386906 0.171414 0.906047
vn 0.292159 0.282884 0.913575
vn 0.334643 -0.185509 0.923905
vn -0.334643 -0.185509 0.923905
vn 0.386341 -0.044578 0.921278
vn -0.054742 -0.361903 0.930607
vn 0.057130 -0.231242 0.971217
vn -0.057130 -0.231242 0.971217
vn 0.020354 -0.783677 0.620835
vn -0.097666 -0.647680 0.755627
vn 0.207391 -0.518476 0.829561
vn -0.147044 -0.661694 0.735214
vn 0.175465 -0.363467 0.914934
vn -0.175465 -0.363467 0.914934
vn 0.281888 -0.044419 0.958419
vn -0.332048 -0.007298 0.943234
vn 0.359533 -0.089883 0.928793
vn -0.313972 -0.145772 0.938175
vn 0.000000 0.049938 0.998752
vn -0.004435 -0.066518 0.997775
vn 0.004435 -0.066518 0.997775
vn 0.000001 0.000000 1.000000
vn -0.000001 0.000000 1.000000
vn 0.847337 -0.511933 -0.141225
vn -0.744073 -0.658218 0.114476
vn 0.925625 0.249206 -0.284807
vn -0.963518 0.214115 -0.160586
vn 0.070860 0.921175 -0.382642
vn -0.070860 0.921175 -0.382642
vn -0.722992 0.097702 0.683913
vn 0.722992 0.097702 0.683913
vn 0.440225 -0.880451 0.176090
vn -0.440225 -0.880451 0.176090
vn 0.287348 -0.574696 0.766261
vn -0.287348 -0.574696 0.766261
vn -0.781404 0.558146 0.279073
vn 0.520718 0.615394 0.591728
vn 0.089713 0.807410 0.583130
vn -0.126999 0.762001 0.635001
vn 0.766261 0.287348 0.574696
vn -0.766261 0.287348 0.574696
vn 0.604552 -0.654931 0.453412
vn 0.040390 0.242338 0.969351
vn -0.040390 0.242338 0.969351
vn -0.056293 -0.262700 0.963234
vn -0.428571 -0.857143 0.285714
vn 0.006390 0.083044 0.996525
vn 0.781796 -0.366157 0.504703
vn -0.872872 -0.218218 0.436436
vn -0.581914 -0.363696 0.727393
vn 0.729421 0.162094 0.664583
vn -0.729421 0.162094 0.664583
vn 0.332821 0.078311 0.939733
vn -0.332821 0.078311 0.939733
vn 0.791554 0.186248 0.582025
vn -0.791554 0.186248 0.582025
vn 0.877267 0.194948 0.438632
vn -0.877267 0.194948 0.438632
vn 0.893156 0.430173 0.131239
vn -0.910178 -0.044591 0.411810
vn 0.033615 -0.336146 0.941210
vn -0.033615 -0.336146 0.941210
vn -0.135319 -0.202979 0.969788
vn 0.192450 -0.192450 0.962250
vn -0.356917 0.107074 0.927979
vn 0.188142 -0.282216 0.940721
vn -0.124035 0.000000 0.992278
vn 0.065512 0.393073 0.917171
vn -0.158235 0.949410 0.271260
vn 0.158235 0.949410 0.271260
vn -0.739601 0.647150 0.184900
vn 0.646159 0.758535 0.084282
vn 0.015960 -0.287311 0.957704
vn -0.052632 -0.315789 0.947368
vn -0.448142 -0.293016 0.844577
vn 0.598986 -0.245040 0.762346
vn -0.286864 -0.103271 0.952389
vn 0.521443 0.052144 0.851691
vn -0.123882 0.049553 0.991059
vn 0.123882 0.049553 0.991059
vn -0.548822 -0.329292 0.768349
vn 0.548822 -0.329292 0.768349
vn -0.265485 -0.829636 0.491144
vn 0.418605 -0.581395 0.697674
vn -0.397220 -0.635553 0.662034
vn 0.591414 -0.511493 0.623382
vn -0.516785 -0.214514 0.828804
vn 0.544023 -0.077718 0.835464
vn -0.588228 -0.115717 0.800373
vn 0.567150 0.110663 0.816146
vn -0.567150 0.110663 0.816146
vn 0.528094 0.215149 0.821479
vn -0.528094 0.215149 0.821479
vn 0.406303 0.715093 0.568824
vn 0.061283 0.306426 0.949920
vn 0.152408 0.335302 0.929701
vn -0.177195 0.389823 0.903681
vn -0.021878 0.306290 0.951687
vn 0.012940 0.181147 0.983371
vn 0.082903 -0.290159 0.953381
vn -0.082903 -0.290159 0.953381
vn 0.266678 -0.304776 0.914327
vn -0.296335 -0.211667 0.931334
vn -0.182574 -0.912871 0.365148
vn 0.182574 -0.912871 0.365148
vn 0.045479 -0.750388 0.659432
vn -0.045479 -0.750388 0.659432
vn -0.381001 -0.254000 0.889001
vn 0.320710 -0.267261 0.908689
vn -0.230391 0.025599 0.972761
vn 0.230391 0.025599 0.972761
vn -0.221585 0.569780 0.791360
vn 0.053236 0.359362 0.931679
vn 0.025206 0.554524 0.831786
vn -0.025206 0.554524 0.831786
vn 0.350178 0.654679 0.669904
vn -0.350178 0.654679 0.669904
vn 0.498785 0.529959 0.685826
vn -0.498782 0.529956 0.685830
vn 0.601445 -0.240578 0.761831
vn -0.738200 -0.461375 0.492133
vn 0.829185 -0.082919 0.552790
vn -0.806064 -0.065357 0.588209
vn 0.779987 0.118180 0.614535
vn -0.790344 0.112907 0.602170
vn -0.694716 0.709497 -0.118250
vn 0.404311 0.855017 -0.324774
vn -0.855186 0.366508 -0.366508
vn 0.846507 0.372757 -0.380102
vn -0.215621 0.888359 -0.405371
vn 0.215621 0.888359 -0.405371
vn 0.587870 0.747790 -0.308576
vn -0.587870 0.747790 -0.308576
vn 0.350238 0.876607 -0.329991
vn -0.350238 0.876607 -0.329991
vn 0.278943 0.918076 -0.281652
vn -0.285868 0.911603 -0.295397
vn 0.898143 0.067270 -0.434527
vn -0.898143 0.067270 -0.434527
vn 0.452713 -0.728586 -0.514017
vn -0.595505 -0.712308 -0.371472
vn 0.440781 -0.819481 -0.366284
vn -0.249041 -0.774794 -0.581096
vn 0.368294 -0.677996 -0.636145
vn -0.368294 -0.677996 -0.636145
vn 0.171780 -0.022904 -0.984869
vn -0.171780 -0.022904 -0.984869
vn -0.064999 -0.357494 -0.931651
vn 0.064999 -0.357494 -0.931651
vn 0.058475 -0.977375 -0.203272
vn -0.177679 -0.981909 -0.065461
vn 0.101592 -0.965123 -0.241281
vn -0.134050 -0.968141 -0.211502
vn 0.608215 -0.331401 -0.721282
vn -0.980180 0.192192 0.048048
vn 0.920777 0.146009 -0.361734
vn -0.944069 0.184939 -0.273005
vn 0.087930 0.053124 -0.994709
vn -0.247475 -0.016921 -0.968747
vn 0.199158 -0.322167 -0.925497
vn -0.199158 -0.322167 -0.925497
vn 0.870302 -0.477813 -0.119453
vn -0.870302 -0.477813 -0.119453
vn 0.920408 0.139456 -0.365241
vn -0.918440 0.135786 -0.371525
vn 0.924627 0.346735 -0.157607
vn -0.924627 0.346735 -0.157607
vn 0.907920 0.373419 -0.190370
vn -0.907920 0.373419 -0.190370
vn 0.991801 0.123975 0.030994
vn -0.991801 0.123975 0.030994
vn 0.079745 -0.797452 -0.598089
vn -0.079745 -0.797452 -0.598089
vn 0.373117 -0.470405 -0.799689
vn -0.373117 -0.470405 -0.799689
vn 0.330884 -0.814402 -0.476723
vn -0.330884 -0.814402 -0.476723
vn 0.265974 -0.954013 -0.138263
vn -0.303090 -0.946422 -0.111459
vn 0.284208 -0.930136 -0.232534
vn -0.348743 -0.929981 -0.116246
vn 0.956961 0.257365 -0.134120
vn -0.956962 0.257364 -0.134120
vn 0.691649 -0.722162 0.010171
vn -0.861521 -0.337915 0.378940
vn 0.436826 -0.042787 -0.898528
vn -0.436826 -0.042787 -0.898528
vn 0.112859 0.967467 0.226428
vn -0.112859 0.967467 0.226428
vn 0.120926 0.976388 -0.179005
vn -0.137321 0.971291 -0.194258
vn 0.300033 0.640864 -0.706593
vn -0.387556 0.555474 -0.735696
vn 0.352190 0.932651 -0.078264
vn -0.565951 0.760496 -0.318347
vn -0.094386 0.670138 0.736210
vn -0.343167 0.696426 0.630260
vn 0.625482 0.766875 0.143790
vn -0.583767 0.791981 0.178834
vn 0.690128 0.696658 -0.195936
vn -0.715914 0.664472 -0.214346
vn 0.590457 0.174525 -0.787973
vn -0.590457 0.174525 -0.787973
vn 0.714499 0.426452 -0.554643
vn -0.058015 0.367428 -0.928241
vn 0.675140 0.723364 -0.144673
vn -0.595903 0.773063 -0.217424
vn 0.738071 0.653580 0.167585
vn -0.690541 0.710905 0.133295
vn 0.776627 0.335766 0.533022
vn -0.677195 0.482375 0.555628
vn 0.158041 0.950572 -0.267276
vn -0.158041 0.950572 -0.267276
vn 0.156987 0.642722 0.749842
vn -0.156987 0.642722 0.749842
vn -0.170233 0.109686 -0.979280
vn 0.178174 0.089087 -0.979958
vn 0.041931 0.372965 0.926897
vn -0.023299 0.968843 -0.246579
vn 0.498048 0.820648 -0.280152
vn -0.498048 0.820648 -0.280152
vn 0.933361 0.235390 0.270976
vn -0.945596 0.013328 0.325072
vn 0.901926 0.379315 -0.206516
vn -0.996980 0.075751 0.017105
vn 0.961699 0.146796 -0.231485
vn -0.961699 0.146795 -0.231485
vn 0.746041 -0.659560 0.091670
vn -0.746041 -0.659560 0.091670
vn 0.371877 -0.924382 0.085001
vn -0.371878 -0.924382 0.085001
vn 0.548020 -0.773958 0.317275
vn -0.387671 -0.903540 0.182554
vn 0.499284 -0.851720 0.159026
vn -0.848946 -0.221464 0.479839
vn 0.570581 -0.344303 -0.745582
vn -0.570581 -0.344302 -0.745582
vn 0.562892 -0.263733 -0.783325
vn -0.562892 -0.263733 -0.783325
vn 0.105938 -0.916539 -0.385661
vn -0.105938 -0.916539 -0.385661
vn 0.697614 -0.647014 -0.307746
vn -0.697614 -0.647014 -0.307746
vn 0.480811 0.254547 0.839063
vn -0.480811 0.254547 0.839063
vn 0.410191 0.274828 0.869605
vn -0.503292 0.047933 0.862786
vn 0.145938 0.091211 0.985080
vn -0.145938 0.091211 0.985080
vn 0.283452 -0.103074 0.953431
vn -0.283452 -0.103074 0.953431
vn 0.505826 -0.246744 0.826594
vn -0.505826 -0.246744 0.826594
vn 0.613245 -0.208998 0.761741
vn -0.624651 -0.412141 0.663289
vn 0.327985 0.782119 0.529826
vn -0.613781 0.409187 0.675159
vn -0.264199 0.830336 0.490654
vn 0.269338 0.831434 0.485979
vn -0.800021 0.207413 0.562979
vn 0.800021 0.207413 0.562979
vn -0.522497 -0.356527 0.774523
vn 0.522497 -0.356527 0.774523
vn 0.486191 -0.519040 0.703005
vn -0.486190 -0.519041 0.703005
vn 0.688357 -0.473247 0.549729
vn -0.714339 -0.416698 0.562212
vn 0.996972 -0.037757 -0.067975
vn -0.996972 -0.037764 -0.067975
vn -0.197104 0.314030 0.928728
vn 0.197104 0.314030 0.928728
vn 0.887036 -0.383851 -0.256564
vn -0.914238 -0.366421 -0.172931
vn 0.371134 0.037113 0.927837
vn 0.120386 0.240772 0.963087
vn 0.137793 0.803793 0.578731
vn -0.023355 0.994904 0.098089
vn 0.606788 -0.606788 0.513436
vn -0.606788 -0.606788 0.513436
vn 0.102194 0.817553 0.566713
vn -0.580199 0.193400 0.791180
vn 0.701334 -0.701334 -0.127515
vn -0.701334 -0.701334 -0.127515
vn 0.457984 -0.441913 0.771339
vn -0.457984 -0.441913 0.771339
vn 0.715511 -0.415459 0.561638
vn -0.715511 -0.415459 0.561638
vn 0.955107 -0.163648 -0.246959
vn -0.171249 -0.093409 0.980790
vn 0.900501 -0.433574 -0.033352
vn -0.900500 -0.433574 -0.033352
vn 0.772350 -0.573034 0.274060
vn -0.676753 -0.728811 0.104116
vn 0.797077 -0.597808 0.085401
vn -0.797077 -0.597808 0.085401
vn 0.242338 0.969351 0.040390
vn -0.242338 0.969351 0.040390
vn 0.931907 0.349465 0.097074
vn -0.931907 0.349465 0.097074
vn -0.624695 -0.780869 0.000000
vn 0.110432 0.993884 0.000000
vn 0.109335 0.984015 0.140574
vn 0.661828 -0.649341 0.374620
vn -0.586648 -0.752680 0.298858
vn 0.296806 -0.871867 0.389557
vn -0.252880 -0.908786 0.331904
vn -0.827110 -0.448433 -0.338816
vn 0.822211 -0.562564 -0.086548
vn -0.816910 0.218381 -0.533823
vn 0.816910 0.218381 -0.533823
vn -0.483417 0.872662 -0.069060
vn 0.483417 0.872662 -0.069060
vn 0.040373 0.989142 0.141306
vn -0.040373 0.989142 0.141306
vn 0.137516 -0.027503 0.990118
vn -0.137516 -0.027503 0.990118
vn 0.339983 -0.029999 0.939953
vn -0.339983 -0.029999 0.939953
vn 0.382991 0.011264 0.923683
vn -0.236806 0.035521 0.970907
vn 0.180460 0.067673 0.981252
vn -0.180460 0.067673 0.981252
vn 0.328721 0.595807 0.732774
vn -0.308264 -0.181332 0.933859
vn 0.399963 -0.065300 0.914202
vn -0.399963 -0.065300 0.914202
vn 0.361833 -0.058152 0.930428
vn -0.361833 -0.058152 0.930428
vn 0.041065 0.164260 0.985562
vn -0.071067 -0.071067 0.994937
vn 0.421637 -0.527046 0.737865
vn -0.421637 -0.527046 0.737865
vn 0.691363 -0.055890 0.720342
vn 0.538138 0.739940 0.403604
vn 0.443738 -0.214293 0.870158
vn -0.443738 -0.214293 0.870158
vn 0.493213 -0.104786 0.863574
vn -0.493213 -0.104785 0.863574
vn 0.525068 0.302312 0.795557
vn -0.525058 0.196897 0.827977
vn 0.073694 -0.992789 -0.094551
vn -0.110453 -0.991568 -0.067778
vn 0.585489 -0.790410 0.180153
vn -0.446086 -0.890959 -0.084853
vn 0.934096 -0.244495 0.260168
vn -0.934096 -0.244495 0.260168
vn 0.832821 0.549401 -0.067585
vn -0.832821 0.549401 -0.067585
vn -0.191998 0.956991 -0.217498
vn 0.191998 0.956991 -0.217498
vn -0.355407 0.931910 -0.072321
vn 0.355407 0.931910 -0.072321
vn -0.521509 -0.019655 -0.853020
vn 0.521509 -0.019655 -0.853020
vn -0.266747 0.006422 -0.963745
vn 0.113643 -0.054588 -0.992021
vn -0.821852 0.563467 0.084053
vn 0.821852 0.563467 0.084053
vn 0.816497 -0.408248 -0.408248
vn -0.469239 -0.158527 -0.868726
vn 0.007891 -0.915403 -0.402461
vn 0.570200 -0.814571 -0.106521
s off
f 1//1 3//1 45//1
f 2//2 48//2 46//2
f 3//3 5//3 43//3
f 4//4 46//4 44//4
f 9//5 7//5 5//5
f 10//6 4//6 6//6
f 11//7 9//7 3//7
f 12//8 2//8 4//8
f 13//9 15//9 9//9
f 14//10 12//10 10//10
f 15//11 17//11 7//11
f 16//12 10//12 8//12
f 15//13 21//13 19//13
f 20//14 22//14 16//14
f 23//15 21//15 15//15
f 24//16 14//16 16//16
f 25//17 27//17 21//17
f 26//18 24//18 22//18
f 21//19 27//19 29//19
f 30//20 28//20 22//20
f 27//21 33//21 31//21
f 32//22 34//22 28//22
f 25//23 35//23 33//23
f 34//24 36//24 26//24
f 35//25 37//25 39//25
f 40//26 38//26 36//26
f 33//27 39//27 41//27
f 42//28 40//28 34//28
f 39//29 45//29 43//29
f 44//30 46//30 40//30
f 37//31 47//31 45//31
f 46//32 48//32 38//32
f 47//33 37//33 51//33
f 52//34 38//34 48//34
f 37//35 35//35 53//35
f 54//36 36//36 38//36
f 35//37 25//37 55//37
f 56//38 26//38 36//38
f 25//39 23//39 57//39
f 58//40 24//40 26//40
f 13//41 59//41 57//41
f 14//42 24//42 58//42
f 11//43 63//43 59//43
f 12//44 14//44 60//44
f 1//45 65//45 63//45
f 2//46 12//46 64//46
f 47//47 49//47 65//47
f 48//48 2//48 66//48
f 61//49 65//49 49//49
f 50//50 66//50 62//50
f 63//51 65//51 61//51
f 62//52 66//52 64//52
f 61//53 59//53 63//53
f 64//54 60//54 62//54
f 61//55 57//55 59//55
f 60//56 58//56 62//56
f 61//57 55//57 57//57
f 58//58 56//58 62//58
f 61//59 53//59 55//59
f 56//60 54//60 62//60
f 61//61 51//61 53//61
f 54//62 52//62 62//62
f 61//63 49//63 51//63
f 52//64 50//64 62//64
f 89//65 174//65 176//65
f 176//66 175//66 90//66
f 87//67 172//67 174//67
f 175//68 173//68 88//68
f 170//69 172//69 87//69
f 171//70 86//70 88//70
f 168//71 170//71 85//71
f 169//72 84//72 86//72
f 166//73 168//73 83//73
f 167//74 82//74 84//74
f 92//75 146//75 164//75
f 93//76 80//76 165//76
f 92//77 94//77 148//77
f 149//78 95//78 93//78
f 96//79 150//79 148//79
f 97//80 95//80 149//80
f 96//81 98//81 152//81
f 153//82 99//82 97//82
f 98//83 100//83 154//83
f 155//84 101//84 99//84
f 100//85 102//85 156//85
f 157//86 103//86 101//86
f 104//87 158//87 156//87
f 105//88 103//88 157//88
f 104//89 106//89 160//89
f 161//90 107//90 105//90
f 106//91 108//91 162//91
f 163//92 109//92 107//92
f 108//93 67//93 68//93
f 68//94 67//94 109//94
f 110//95 128//95 160//95
f 161//96 129//96 111//96
f 179//97 158//97 160//97
f 180//98 129//98 161//98
f 126//99 156//99 158//99
f 159//100 157//100 127//100
f 124//101 154//101 156//101
f 157//102 155//102 125//102
f 122//103 152//103 154//103
f 155//104 153//104 123//104
f 120//105 150//105 152//105
f 153//106 151//106 121//106
f 118//107 148//107 150//107
f 151//108 149//108 119//108
f 116//109 146//109 148//109
f 149//110 147//110 117//110
f 114//111 164//111 146//111
f 147//112 165//112 115//112
f 181//113 177//113 164//113
f 182//114 115//114 165//114
f 110//115 162//115 68//115
f 68//116 163//116 111//116
f 68//117 178//117 183//117
f 68//118 113//118 184//118
f 177//119 181//119 183//119
f 184//120 182//120 177//120
f 137//121 176//121 174//121
f 137//122 136//122 175//122
f 135//123 174//123 172//123
f 136//124 134//124 173//124
f 131//125 133//125 172//125
f 173//126 134//126 132//126
f 187//127 185//127 168//127
f 188//128 167//128 169//128
f 170//129 168//129 185//129
f 171//130 132//130 186//130
f 144//131 190//131 189//131
f 189//132 190//132 145//132
f 185//133 187//133 189//133
f 189//133 188//133 186//133
f 130//134 131//134 185//134
f 186//135 132//135 130//135
f 193//136 191//136 144//136
f 194//137 143//137 145//137
f 195//138 193//138 142//138
f 196//139 141//139 143//139
f 139//140 197//140 195//140
f 196//141 198//141 139//141
f 138//142 71//142 197//142
f 198//143 71//143 138//143
f 190//144 144//144 191//144
f 192//145 145//145 190//145
f 70//146 191//146 206//146
f 207//147 192//147 70//147
f 199//148 200//148 197//148
f 199//149 71//149 198//149
f 200//150 202//150 195//150
f 201//151 198//151 196//151
f 195//152 202//152 204//152
f 205//153 203//153 196//153
f 204//154 206//154 191//154
f 205//155 194//155 192//155
f 199//156 204//156 202//156
f 203//157 205//157 199//157
f 208//158 206//158 204//158
f 208//159 199//159 205//159
f 140//160 164//160 177//160
f 141//161 139//161 177//161
f 142//162 211//162 164//162
f 143//163 141//163 165//163
f 142//164 144//164 213//164
f 214//165 145//165 143//165
f 144//166 187//166 166//166
f 167//167 188//167 145//167
f 81//168 209//168 213//168
f 214//169 210//169 82//169
f 209//170 215//170 211//170
f 212//171 216//171 210//171
f 164//172 211//172 215//172
f 165//173 80//173 216//173
f 131//174 130//174 72//174
f 72//175 130//175 132//175
f 131//176 222//176 220//176
f 132//177 134//177 221//177
f 133//178 220//178 218//178
f 134//179 136//179 219//179
f 135//180 218//180 217//180
f 136//181 137//181 217//181
f 217//182 218//182 229//182
f 230//183 219//183 217//183
f 220//184 227//184 229//184
f 221//185 219//185 230//185
f 222//186 225//186 227//186
f 223//187 221//187 228//187
f 222//188 72//188 224//188
f 224//189 72//189 223//189
f 231//190 229//190 225//190
f 231//191 224//191 226//191
f 225//192 229//192 227//192
f 228//193 230//193 226//193
f 181//194 234//194 232//194
f 182//195 184//195 233//195
f 183//196 232//196 254//196
f 184//197 113//197 255//197
f 110//198 112//198 254//198
f 255//199 113//199 111//199
f 181//200 114//200 252//200
f 253//201 115//201 182//201
f 116//202 250//202 252//202
f 117//203 115//203 253//203
f 118//204 248//204 250//204
f 119//205 117//205 251//205
f 120//206 246//206 248//206
f 121//207 119//207 249//207
f 122//208 244//208 246//208
f 123//209 121//209 247//209
f 122//210 124//210 242//210
f 243//211 125//211 123//211
f 124//212 126//212 240//212
f 241//213 127//213 125//213
f 179//214 236//214 240//214
f 180//215 127//215 241//215
f 128//216 238//216 236//216
f 129//217 180//217 237//217
f 110//218 256//218 238//218
f 111//219 129//219 239//219
f 238//220 256//220 258//220
f 259//221 257//221 239//221
f 238//222 276//222 278//222
f 239//223 237//223 279//223
f 240//224 236//224 278//224
f 279//225 237//225 241//225
f 242//226 240//226 274//226
f 275//227 241//227 243//227
f 242//228 272//228 270//228
f 243//229 245//229 271//229
f 246//230 244//230 270//230
f 271//231 245//231 247//231
f 246//232 268//232 266//232
f 247//233 249//233 267//233
f 250//234 248//234 266//234
f 267//235 249//235 251//235
f 252//236 250//236 264//236
f 265//237 251//237 253//237
f 252//238 262//238 280//238
f 253//239 235//239 281//239
f 254//240 260//240 258//240
f 255//241 257//241 259//241
f 232//242 282//242 260//242
f 233//243 255//243 261//243
f 234//244 280//244 282//244
f 235//245 233//245 283//245
f 108//246 284//246 73//246
f 109//247 67//247 73//247
f 106//248 286//248 284//248
f 107//249 109//249 285//249
f 106//250 104//250 288//250
f 289//251 105//251 107//251
f 104//252 102//252 290//252
f 291//253 103//253 105//253
f 102//254 100//254 292//254
f 293//255 101//255 103//255
f 98//256 294//256 292//256
f 99//257 101//257 293//257
f 98//258 96//258 296//258
f 297//259 97//259 99//259
f 94//260 298//260 296//260
f 95//261 97//261 297//261
f 92//262 300//262 298//262
f 93//263 95//263 299//263
f 308//264 309//264 328//264
f 329//265 309//265 308//265
f 307//266 308//266 338//266
f 339//267 308//267 307//267
f 306//268 307//268 336//268
f 337//269 307//269 306//269
f 91//270 306//270 340//270
f 91//271 90//271 341//271
f 89//272 340//272 334//272
f 90//273 88//273 335//273
f 87//274 334//274 330//274
f 88//275 86//275 331//275
f 85//276 330//276 332//276
f 86//277 84//277 333//277
f 336//278 338//278 332//278
f 337//279 331//279 333//279
f 330//280 334//280 340//280
f 341//281 335//281 331//281
f 326//282 332//282 338//282
f 339//283 333//283 327//283
f 83//284 332//284 326//284
f 84//285 82//285 327//285
f 209//286 342//286 344//286
f 345//287 343//287 210//287
f 81//288 326//288 342//288
f 343//289 327//289 82//289
f 79//290 215//290 344//290
f 345//291 216//291 80//291
f 79//292 346//292 300//292
f 301//293 347//293 80//293
f 77//294 324//294 352//294
f 353//295 325//295 77//295
f 304//296 352//296 350//296
f 351//297 353//297 304//297
f 350//298 348//298 305//298
f 351//299 78//299 305//299
f 348//300 328//300 309//300
f 349//301 305//301 309//301
f 326//302 328//302 348//302
f 349//303 329//303 327//303
f 298//304 318//304 310//304
f 299//305 297//305 311//305
f 76//306 316//306 324//306
f 325//307 317//307 76//307
f 302//308 358//308 356//308
f 357//309 359//309 302//309
f 356//310 354//310 75//310
f 357//311 303//311 75//311
f 354//312 316//312 76//312
f 355//313 75//313 76//313
f 294//314 362//314 364//314
f 295//315 293//315 365//315
f 362//316 368//316 366//316
f 363//317 365//317 367//317
f 368//318 370//318 372//318
f 369//319 367//319 373//319
f 370//320 376//320 374//320
f 371//321 373//321 375//321
f 314//322 378//322 374//322
f 375//323 379//323 315//323
f 354//324 374//324 378//324
f 355//325 317//325 379//325
f 356//326 372//326 374//326
f 357//327 355//327 375//327
f 358//328 366//328 372//328
f 359//329 357//329 373//329
f 360//330 364//330 366//330
f 361//331 359//331 367//331
f 290//332 292//332 364//332
f 365//333 293//333 291//333
f 74//334 360//334 358//334
f 359//335 361//335 74//335
f 286//336 288//336 290//336
f 287//337 285//337 291//337
f 290//338 360//338 74//338
f 291//339 285//339 74//339
f 73//340 284//340 74//340
f 74//341 285//341 73//341
f 294//342 296//342 310//342
f 311//343 297//343 295//343
f 312//344 368//344 362//344
f 313//345 311//345 363//345
f 382//346 370//346 368//346
f 383//347 313//347 369//347
f 314//348 376//348 370//348
f 371//349 377//349 315//349
f 348//350 350//350 386//350
f 387//351 351//351 349//351
f 318//352 384//352 386//352
f 387//353 385//353 319//353
f 300//354 384//354 318//354
f 301//355 299//355 319//355
f 344//356 342//356 384//356
f 345//357 301//357 385//357
f 342//358 348//358 384//358
f 385//359 349//359 343//359
f 300//360 346//360 344//360
f 345//361 347//361 301//361
f 314//362 322//362 380//362
f 381//363 323//363 315//363
f 316//364 378//364 380//364
f 381//365 379//365 317//365
f 320//366 386//366 380//366
f 381//367 387//367 321//367
f 350//368 352//368 380//368
f 381//369 353//369 351//369
f 324//370 380//370 352//370
f 353//371 381//371 325//371
f 400//372 388//372 414//372
f 415//373 389//373 401//373
f 402//374 404//374 398//374
f 403//375 401//375 399//375
f 398//376 404//376 406//376
f 407//377 405//377 399//377
f 396//378 406//378 408//378
f 409//379 407//379 397//379
f 394//380 408//380 410//380
f 411//381 409//381 395//381
f 410//382 412//382 390//382
f 411//383 393//383 391//383
f 420//384 418//384 412//384
f 421//385 411//385 413//385
f 422//386 420//386 410//386
f 423//387 409//387 411//387
f 406//388 424//388 422//388
f 423//389 425//389 407//389
f 404//390 426//390 424//390
f 425//391 427//391 405//391
f 402//392 428//392 426//392
f 427//393 429//393 403//393
f 414//394 416//394 428//394
f 415//395 403//395 429//395
f 318//396 320//396 444//396
f 445//397 321//397 319//397
f 320//398 390//398 412//398
f 413//399 391//399 321//399
f 318//400 442//400 312//400
f 319//401 311//401 313//401
f 430//402 414//402 388//402
f 431//403 383//403 389//403
f 418//404 440//404 444//404
f 419//405 413//405 445//405
f 438//406 446//406 444//406
f 445//407 447//407 439//407
f 446//408 438//408 436//408
f 447//409 435//409 437//409
f 432//410 448//410 446//410
f 447//411 449//411 433//411
f 430//412 448//412 432//412
f 433//413 449//413 431//413
f 414//414 430//414 450//414
f 451//415 431//415 415//415
f 448//416 430//416 382//416
f 449//417 313//417 383//417
f 312//418 442//418 446//418
f 447//419 443//419 313//419
f 442//420 444//420 446//420
f 447//421 445//421 443//421
f 450//422 452//422 476//422
f 451//423 417//423 477//423
f 450//424 432//424 462//424
f 463//425 433//425 451//425
f 434//426 460//426 462//426
f 435//427 433//427 463//427
f 434//428 436//428 458//428
f 459//429 437//429 435//429
f 436//430 438//430 456//430
f 457//431 439//431 437//431
f 440//432 454//432 456//432
f 441//433 439//433 457//433
f 418//434 474//434 454//434
f 419//435 441//435 455//435
f 416//436 476//436 464//436
f 417//437 429//437 465//437
f 428//438 464//438 466//438
f 429//439 427//439 467//439
f 426//440 466//440 468//440
f 427//441 425//441 469//441
f 422//442 424//442 468//442
f 469//443 425//443 423//443
f 420//444 422//444 470//444
f 471//445 423//445 421//445
f 418//446 420//446 472//446
f 473//447 421//447 419//447
f 458//448 456//448 480//448
f 481//449 457//449 459//449
f 478//450 480//450 482//450
f 483//451 481//451 479//451
f 482//452 488//452 486//452
f 483//453 485//453 487//453
f 486//454 488//454 490//454
f 491//455 489//455 487//455
f 476//456 486//456 492//456
f 477//457 465//457 493//457
f 452//458 484//458 486//458
f 487//459 485//459 453//459
f 452//460 462//460 478//460
f 479//461 463//461 453//461
f 478//462 462//462 460//462
f 479//463 459//463 461//463
f 454//464 474//464 480//464
f 481//465 475//465 455//465
f 482//466 480//466 474//466
f 483//467 473//467 475//467
f 470//468 488//468 482//468
f 483//469 489//469 471//469
f 468//470 490//470 488//470
f 489//471 491//471 469//471
f 492//472 490//472 468//472
f 493//473 467//473 469//473
f 464//474 492//474 466//474
f 467//475 493//475 465//475
f 390//476 504//476 502//476
f 391//477 393//477 503//477
f 392//478 502//478 500//478
f 393//479 395//479 501//479
f 396//480 394//480 500//480
f 501//481 395//481 397//481
f 398//482 396//482 498//482
f 499//483 397//483 399//483
f 400//484 398//484 496//484
f 497//485 399//485 401//485
f 388//486 400//486 494//486
f 495//487 401//487 389//487
f 494//488 502//488 504//488
f 505//489 503//489 495//489
f 496//490 500//490 502//490
f 497//491 495//491 503//491
f 496//492 498//492 500//492
f 501//493 499//493 497//493
f 314//494 382//494 388//494
f 389//495 383//495 315//495
f 506//496 504//496 322//496
f 507//497 315//497 323//497
f 322//498 504//498 390//498
f 323//499 321//499 391//499
f 47//500 1//500 45//500
f 4//501 2//501 46//501
f 45//502 3//502 43//502
f 6//503 4//503 44//503
f 3//504 9//504 5//504
f 8//505 10//505 6//505
f 1//506 11//506 3//506
f 10//507 12//507 4//507
f 11//508 13//508 9//508
f 16//509 14//509 10//509
f 9//510 15//510 7//510
f 18//511 16//511 8//511
f 17//512 15//512 19//512
f 18//513 20//513 16//513
f 13//514 23//514 15//514
f 22//515 24//515 16//515
f 23//516 25//516 21//516
f 28//517 26//517 22//517
f 19//518 21//518 29//518
f 20//519 30//519 22//519
f 29//520 27//520 31//520
f 30//521 32//521 28//521
f 27//522 25//522 33//522
f 28//523 34//523 26//523
f 33//524 35//524 39//524
f 34//525 40//525 36//525
f 31//526 33//526 41//526
f 32//527 42//527 34//527
f 41//528 39//528 43//528
f 42//529 44//529 40//529
f 39//530 37//530 45//530
f 40//531 46//531 38//531
f 49//532 47//532 51//532
f 50//533 52//533 48//533
f 51//534 37//534 53//534
f 52//535 54//535 38//535
f 53//536 35//536 55//536
f 54//537 56//537 36//537
f 55//538 25//538 57//538
f 56//539 58//539 26//539
f 23//540 13//540 57//540
f 60//541 14//541 58//541
f 13//542 11//542 59//542
f 64//543 12//543 60//543
f 11//544 1//544 63//544
f 66//545 2//545 64//545
f 1//546 47//546 65//546
f 50//547 48//547 66//547
f 91//548 89//548 176//548
f 91//549 176//549 90//549
f 89//550 87//550 174//550
f 90//551 175//551 88//551
f 85//552 170//552 87//552
f 173//553 171//553 88//553
f 83//554 168//554 85//554
f 171//555 169//555 86//555
f 81//556 166//556 83//556
f 169//557 167//557 84//557
f 79//558 92//558 164//558
f 147//559 93//559 165//559
f 146//560 92//560 148//560
f 147//561 149//561 93//561
f 94//562 96//562 148//562
f 151//563 97//563 149//563
f 150//564 96//564 152//564
f 151//565 153//565 97//565
f 152//566 98//566 154//566
f 153//567 155//567 99//567
f 154//568 100//568 156//568
f 155//569 157//569 101//569
f 102//570 104//570 156//570
f 159//571 105//571 157//571
f 158//572 104//572 160//572
f 159//573 161//573 105//573
f 160//574 106//574 162//574
f 161//575 163//575 107//575
f 162//576 108//576 68//576
f 163//577 68//577 109//577
f 162//578 110//578 160//578
f 163//579 161//579 111//579
f 128//580 179//580 160//580
f 159//581 180//581 161//581
f 179//582 126//582 158//582
f 180//583 159//583 127//583
f 126//584 124//584 156//584
f 127//585 157//585 125//585
f 124//586 122//586 154//586
f 125//587 155//587 123//587
f 122//588 120//588 152//588
f 123//589 153//589 121//589
f 120//590 118//590 150//590
f 121//591 151//591 119//591
f 118//592 116//592 148//592
f 119//593 149//593 117//593
f 116//594 114//594 146//594
f 117//594 147//594 115//594
f 114//595 181//595 164//595
f 177//596 182//596 165//596
f 112//597 110//597 68//597
f 113//598 68//598 111//598
f 112//599 68//599 183//599
f 178//600 68//600 184//600
f 178//601 177//601 183//601
f 178//602 184//602 177//602
f 135//603 137//603 174//603
f 176//604 137//604 175//604
f 133//605 135//605 172//605
f 175//606 136//606 173//606
f 170//607 131//607 172//607
f 171//608 173//608 132//608
f 166//609 187//609 168//609
f 186//610 188//610 169//610
f 131//611 170//611 185//611
f 169//612 171//612 186//612
f 187//613 144//613 189//613
f 188//613 189//613 145//613
f 69//614 185//614 189//614
f 69//615 189//615 186//615
f 69//616 130//616 185//616
f 69//617 186//617 130//617
f 142//618 193//618 144//618
f 192//619 194//619 145//619
f 140//620 195//620 142//620
f 194//621 196//621 143//621
f 140//622 139//622 195//622
f 141//623 196//623 139//623
f 139//624 138//624 197//624
f 139//625 198//625 138//625
f 70//626 190//626 191//626
f 70//627 192//627 190//627
f 208//628 70//628 206//628
f 208//629 207//629 70//629
f 71//630 199//630 197//630
f 201//631 199//631 198//631
f 197//632 200//632 195//632
f 203//633 201//633 196//633
f 193//634 195//634 204//634
f 194//635 205//635 196//635
f 193//636 204//636 191//636
f 207//154 205//154 192//154
f 200//637 199//637 202//637
f 201//638 203//638 199//638
f 199//639 208//639 204//639
f 207//640 208//640 205//640
f 139//641 140//641 177//641
f 165//642 141//642 177//642
f 140//643 142//643 164//643
f 212//644 143//644 165//644
f 211//645 142//645 213//645
f 212//646 214//646 143//646
f 213//647 144//647 166//647
f 214//648 167//648 145//648
f 166//649 81//649 213//649
f 167//650 214//650 82//650
f 213//651 209//651 211//651
f 214//652 212//652 210//652
f 79//653 164//653 215//653
f 212//654 165//654 216//654
f 222//655 131//655 72//655
f 223//656 72//656 132//656
f 133//657 131//657 220//657
f 223//658 132//658 221//658
f 135//659 133//659 218//659
f 221//660 134//660 219//660
f 137//661 135//661 217//661
f 219//662 136//662 217//662
f 231//663 217//663 229//663
f 231//664 230//664 217//664
f 218//665 220//665 229//665
f 228//666 221//666 230//666
f 220//186 222//186 227//186
f 226//187 223//187 228//187
f 225//188 222//188 224//188
f 226//189 224//189 223//189
f 224//667 231//667 225//667
f 230//668 231//668 226//668
f 183//669 181//669 232//669
f 235//670 182//670 233//670
f 112//671 183//671 254//671
f 233//672 184//672 255//672
f 256//673 110//673 254//673
f 257//674 255//674 111//674
f 234//675 181//675 252//675
f 235//676 253//676 182//676
f 114//677 116//677 252//677
f 251//202 117//202 253//202
f 116//678 118//678 250//678
f 249//679 119//679 251//679
f 118//680 120//680 248//680
f 247//681 121//681 249//681
f 120//682 122//682 246//682
f 245//683 123//683 247//683
f 244//684 122//684 242//684
f 245//685 243//685 123//685
f 242//686 124//686 240//686
f 243//687 241//687 125//687
f 126//688 179//688 240//688
f 237//689 180//689 241//689
f 179//690 128//690 236//690
f 239//691 129//691 237//691
f 128//692 110//692 238//692
f 257//693 111//693 239//693
f 276//694 238//694 258//694
f 277//695 259//695 239//695
f 236//696 238//696 278//696
f 277//697 239//697 279//697
f 274//698 240//698 278//698
f 275//699 279//699 241//699
f 272//700 242//700 274//700
f 273//701 275//701 243//701
f 244//702 242//702 270//702
f 273//703 243//703 271//703
f 268//704 246//704 270//704
f 269//705 271//705 247//705
f 248//706 246//706 266//706
f 269//707 247//707 267//707
f 264//708 250//708 266//708
f 265//709 267//709 251//709
f 262//710 252//710 264//710
f 263//711 265//711 253//711
f 234//712 252//712 280//712
f 263//713 253//713 281//713
f 256//714 254//714 258//714
f 261//715 255//715 259//715
f 254//716 232//716 260//716
f 283//717 233//717 261//717
f 232//718 234//718 282//718
f 281//719 235//719 283//719
f 67//720 108//720 73//720
f 285//721 109//721 73//721
f 108//722 106//722 284//722
f 287//723 107//723 285//723
f 286//724 106//724 288//724
f 287//725 289//725 107//725
f 288//726 104//726 290//726
f 289//727 291//727 105//727
f 290//728 102//728 292//728
f 291//729 293//729 103//729
f 100//730 98//730 292//730
f 295//731 99//731 293//731
f 294//732 98//732 296//732
f 295//733 297//733 99//733
f 96//734 94//734 296//734
f 299//735 95//735 297//735
f 94//736 92//736 298//736
f 301//737 93//737 299//737
f 338//738 308//738 328//738
f 339//739 329//739 308//739
f 336//740 307//740 338//740
f 337//741 339//741 307//741
f 340//742 306//742 336//742
f 341//743 337//743 306//743
f 89//744 91//744 340//744
f 306//745 91//745 341//745
f 87//746 89//746 334//746
f 341//747 90//747 335//747
f 85//748 87//748 330//748
f 335//749 88//749 331//749
f 83//750 85//750 332//750
f 331//751 86//751 333//751
f 330//752 336//752 332//752
f 339//753 337//753 333//753
f 336//754 330//754 340//754
f 337//755 341//755 331//755
f 328//756 326//756 338//756
f 329//757 339//757 327//757
f 81//758 83//758 326//758
f 333//759 84//759 327//759
f 215//760 209//760 344//760
f 216//761 345//761 210//761
f 209//762 81//762 342//762
f 210//763 343//763 82//763
f 346//764 79//764 344//764
f 347//765 345//765 80//765
f 92//766 79//766 300//766
f 93//767 301//767 80//767
f 304//768 77//768 352//768
f 304//769 353//769 77//769
f 78//770 304//770 350//770
f 78//771 351//771 304//771
f 78//772 350//772 305//772
f 349//773 351//773 305//773
f 305//774 348//774 309//774
f 329//775 349//775 309//775
f 342//776 326//776 348//776
f 343//777 349//777 327//777
f 296//778 298//778 310//778
f 319//779 299//779 311//779
f 77//780 76//780 324//780
f 77//781 325//781 76//781
f 303//782 302//782 356//782
f 303//783 357//783 302//783
f 303//784 356//784 75//784
f 355//785 357//785 75//785
f 75//786 354//786 76//786
f 317//787 355//787 76//787
f 292//788 294//788 364//788
f 363//789 295//789 365//789
f 364//790 362//790 366//790
f 369//791 363//791 367//791
f 366//792 368//792 372//792
f 371//793 369//793 373//793
f 372//794 370//794 374//794
f 377//795 371//795 375//795
f 376//796 314//796 374//796
f 377//797 375//797 315//797
f 316//798 354//798 378//798
f 375//799 355//799 379//799
f 354//800 356//800 374//800
f 373//801 357//801 375//801
f 356//802 358//802 372//802
f 367//803 359//803 373//803
f 358//804 360//804 366//804
f 365//805 361//805 367//805
f 360//806 290//806 364//806
f 361//807 365//807 291//807
f 302//808 74//808 358//808
f 302//809 359//809 74//809
f 284//810 286//810 290//810
f 289//811 287//811 291//811
f 284//812 290//812 74//812
f 361//813 291//813 74//813
f 362//814 294//814 310//814
f 363//815 311//815 295//815
f 310//816 312//816 362//816
f 369//817 313//817 363//817
f 312//818 382//818 368//818
f 371//819 383//819 369//819
f 382//820 314//820 370//820
f 383//821 371//821 315//821
f 384//822 348//822 386//822
f 385//823 387//823 349//823
f 320//824 318//824 386//824
f 321//825 387//825 319//825
f 298//826 300//826 318//826
f 385//827 301//827 319//827
f 300//828 344//828 384//828
f 343//829 345//829 385//829
f 378//830 314//830 380//830
f 379//831 381//831 315//831
f 324//832 316//832 380//832
f 325//833 381//833 317//833
f 322//834 320//834 380//834
f 323//835 381//835 321//835
f 386//836 350//836 380//836
f 387//837 381//837 351//837
f 402//838 400//838 414//838
f 403//839 415//839 401//839
f 400//840 402//840 398//840
f 405//841 403//841 399//841
f 396//842 398//842 406//842
f 397//843 407//843 399//843
f 394//844 396//844 408//844
f 395//845 409//845 397//845
f 392//846 394//846 410//846
f 393//847 411//847 395//847
f 392//848 410//848 390//848
f 413//849 411//849 391//849
f 410//850 420//850 412//850
f 419//851 421//851 413//851
f 408//852 422//852 410//852
f 421//853 423//853 411//853
f 408//854 406//854 422//854
f 409//855 423//855 407//855
f 406//856 404//856 424//856
f 407//857 425//857 405//857
f 404//858 402//858 426//858
f 405//859 427//859 403//859
f 402//860 414//860 428//860
f 417//861 415//861 429//861
f 442//862 318//862 444//862
f 443//863 445//863 319//863
f 444//864 320//864 412//864
f 445//865 413//865 321//865
f 310//866 318//866 312//866
f 443//867 319//867 313//867
f 382//868 430//868 388//868
f 415//869 431//869 389//869
f 412//870 418//870 444//870
f 441//871 419//871 445//871
f 440//872 438//872 444//872
f 441//873 445//873 439//873
f 434//874 446//874 436//874
f 439//875 447//875 437//875
f 434//876 432//876 446//876
f 435//877 447//877 433//877
f 450//878 430//878 432//878
f 451//879 433//879 431//879
f 416//880 414//880 450//880
f 417//881 451//881 415//881
f 312//882 448//882 382//882
f 431//883 449//883 383//883
f 448//884 312//884 446//884
f 449//885 447//885 313//885
f 416//886 450//886 476//886
f 453//887 451//887 477//887
f 452//888 450//888 462//888
f 453//889 463//889 451//889
f 432//426 434//426 462//426
f 461//427 435//427 463//427
f 460//890 434//890 458//890
f 461//891 459//891 435//891
f 458//892 436//892 456//892
f 459//893 457//893 437//893
f 438//426 440//426 456//426
f 455//894 441//894 457//894
f 440//895 418//895 454//895
f 475//896 419//896 455//896
f 428//897 416//897 464//897
f 477//898 417//898 465//898
f 426//899 428//899 466//899
f 465//900 429//900 467//900
f 424//901 426//901 468//901
f 467//902 427//902 469//902
f 470//903 422//903 468//903
f 471//904 469//904 423//904
f 472//905 420//905 470//905
f 473//906 471//906 421//906
f 474//907 418//907 472//907
f 475//908 473//908 419//908
f 478//909 458//909 480//909
f 479//910 481//910 459//910
f 484//911 478//911 482//911
f 485//912 483//912 479//912
f 484//913 482//913 486//913
f 489//914 483//914 487//914
f 492//915 486//915 490//915
f 493//916 491//916 487//916
f 464//917 476//917 492//917
f 487//918 477//918 493//918
f 476//919 452//919 486//919
f 477//920 487//920 453//920
f 484//921 452//921 478//921
f 485//922 479//922 453//922
f 458//923 478//923 460//923
f 463//924 479//924 461//924
f 456//925 454//925 480//925
f 457//926 481//926 455//926
f 472//927 482//927 474//927
f 481//928 483//928 475//928
f 472//929 470//929 482//929
f 473//930 483//930 471//930
f 470//931 468//931 488//931
f 471//932 489//932 469//932
f 466//933 492//933 468//933
f 491//934 493//934 469//934
f 392//935 390//935 502//935
f 505//936 391//936 503//936
f 394//937 392//937 500//937
f 503//938 393//938 501//938
f 498//939 396//939 500//939
f 499//940 501//940 397//940
f 496//941 398//941 498//941
f 497//942 499//942 399//942
f 494//943 400//943 496//943
f 495//944 497//944 401//944
f 506//945 388//945 494//945
f 507//946 495//946 389//946
f 506//947 494//947 504//947
f 507//948 505//948 495//948
f 494//949 496//949 502//949
f 501//950 497//950 503//950
f 506//951 314//951 388//951
f 507//952 389//952 315//952
f 314//953 506//953 322//953
f 505//954 507//954 323//954
f 320//955 322//955 390//955
f 505//956 323//956 391//956
