# Blender v2.70 (sub 0) OBJ File: ''
# www.blender.org
mtllib LargeWheel.mtl
o LLargeWheels.000_Plane.003
v 0.000235 0.104733 -0.076199
v 0.000231 0.094362 0.088214
v 0.000237 -0.104703 0.075658
v 0.000241 -0.094332 -0.088755
v -2.080864 1.689354 0.531237
v -2.081115 1.742673 -0.314058
v -2.248060 0.329530 -0.532612
v -2.248039 0.427179 -0.458063
v -2.248019 0.508410 -0.365895
v -2.247989 0.570097 -0.259651
v -2.247880 0.618473 0.100960
v -2.247844 0.586968 0.219705
v -2.247808 0.532902 0.330023
v -2.247777 0.458352 0.427673
v -2.247722 0.259941 0.570591
v -2.247693 0.021940 0.626702
v -2.247694 -0.219417 0.587462
v -2.247720 -0.427385 0.458847
v -2.247804 -0.610080 0.144198
v -2.247877 -0.618680 -0.100176
v -2.247916 -0.587175 -0.218923
v -2.248013 -0.366391 -0.508121
v -2.248059 -0.143910 -0.609584
v -1.987902 -1.201138 -1.667075
v -1.987804 -1.501146 -1.398677
v -1.987697 -1.743574 -1.077945
v -1.987214 -1.997565 0.471231
v -1.987106 -1.870013 0.853121
v -1.986933 -1.407295 1.510168
v -1.986874 -1.088512 1.760257
v -1.986874 0.480188 2.037460
v -1.987225 1.793106 1.109280
v -1.987402 2.034143 0.557961
v -1.987661 2.086257 -0.297395
v -1.987718 2.049488 -0.483429
v -1.987827 1.913049 -0.872197
v -1.987921 1.702791 -1.226308
v -1.988001 1.427449 -1.531379
v -1.988055 1.098233 -1.775634
v -2.248071 0.100466 -0.618185
v -2.217740 0.391907 0.859940
v -1.986936 0.870369 1.908997
v -2.218033 -0.885094 -0.330227
v -2.217981 0.932384 0.151985
v -2.164388 1.358366 0.221225
v -2.164710 0.938263 -1.006451
v -2.081385 1.208750 -1.296692
v -2.163991 0.048311 1.375815
v -2.217693 0.033127 0.944525
v -2.218137 -0.691210 -0.643733
v -2.217871 0.803387 0.497290
v -2.164234 1.170441 0.724273
v -2.080733 1.507853 0.932915
v -2.164289 -1.375550 0.048775
v -2.081145 1.725617 -0.406506
v -2.247704 -0.329735 0.533396
v -2.164007 -0.724007 1.170906
v -2.081462 0.620375 -1.660566
v -2.248040 -0.260147 -0.569809
v -2.218214 -0.392110 -0.859178
v -2.164052 0.570988 1.252590
v -2.080482 0.735608 1.613519
v -2.217817 -0.859662 0.392390
v -2.164147 -1.252324 0.571452
v -2.247688 -0.100671 0.618967
v -2.217689 -0.151704 0.932867
v -2.163978 -0.220957 1.358830
v -2.218268 0.151505 -0.932103
v -2.247985 -0.458559 -0.426890
v -2.164586 -1.006920 -0.937994
v -2.081226 -1.297132 -1.208501
v -2.217818 0.691006 0.644495
v -2.164164 1.006722 0.938725
v -2.080638 1.296943 1.209182
v -1.987113 1.540444 1.436054
v -2.247842 -0.626414 0.022435
v -2.217915 -0.944247 0.033611
v -2.247958 0.609873 -0.143414
v -2.218092 0.919419 -0.216402
v -2.164040 -0.938459 1.007186
v -2.164745 0.723813 -1.170171
v -2.081436 0.932485 -1.507603
v -2.218243 -0.216886 -0.919139
v -2.247703 0.143703 0.610367
v -2.164015 0.334135 1.334638
v -2.080433 0.406754 1.726052
v -2.217921 0.884890 0.330990
v -2.164305 1.281600 0.499611
v -2.080835 1.660815 0.620812
v -1.987345 1.976323 0.738643
v -2.247775 -0.570303 0.260435
v -2.080622 -1.613274 0.736043
v -2.218185 0.766466 -0.551784
v -2.164663 1.116652 -0.804041
v -2.081320 1.438562 -1.035936
v -2.217695 -0.330710 0.885373
v -2.164772 0.220764 -1.358097
v -2.218260 0.330510 -0.884609
v -2.248066 0.219212 -0.586679
v -2.081310 -1.036376 -1.438312
v -2.164646 -0.804509 -1.116384
v -2.218179 -0.552270 -0.766185
v -2.247746 0.366185 0.508903
v -2.217776 0.552066 0.766948
v -2.164103 0.804312 1.117116
v -2.080551 1.036187 1.438994
v -1.987011 1.228635 1.706111
v -2.217976 -0.932588 -0.151221
v -2.164463 1.375351 -0.048042
v -2.218037 0.944043 -0.032847
v -2.247922 0.626208 -0.021651
v -2.217736 -0.644216 0.691489
v -2.080479 -1.208937 1.297378
v -2.080544 -1.438750 1.036622
v -2.164087 -1.116850 0.804776
v -2.217772 -0.766669 0.552549
v -2.247745 -0.508615 0.366679
v -2.218244 0.496810 -0.803105
v -2.218218 0.644014 -0.690724
v -2.218261 -0.033331 -0.943763
v -2.164761 -0.048508 -1.375083
v -2.248066 -0.022147 -0.625919
v -2.217711 0.216683 0.919902
v -2.247951 -0.533109 -0.329240
v -2.218086 -0.803590 -0.496528
v -2.164518 -1.170638 -0.723543
v -2.081129 -1.508045 -0.932234
v -2.217863 -0.919622 0.217166
v -2.164208 -1.334371 0.334600
v -2.080719 -1.725805 0.407190
v -2.218140 0.859458 -0.391625
v -2.164605 1.252127 -0.570718
v -2.081239 1.613086 -0.735357
v -2.217710 -0.497012 0.803870
v -2.164541 1.334173 -0.333867
v -2.160536 2.202034 -0.077138
v -2.160599 2.173317 -0.291200
v -2.159739 0.077407 2.202496
v -2.159757 0.291469 2.173779
v -2.161067 0.562266 -2.119183
v -2.160340 2.119453 0.562722
v -2.160405 2.174840 0.353965
v -2.159725 -0.353698 2.175303
v -2.081000 -1.689542 -0.530555
v -2.080747 -1.742864 0.314735
v -1.987581 -1.919668 -0.716837
v -1.987267 -2.029004 0.300817
v -2.164364 -1.358565 -0.220492
v -2.164447 -1.281798 -0.498878
v -2.081028 -1.661005 -0.620127
v -2.160260 -2.202231 0.077868
v -2.160195 -2.173514 0.291931
v -2.160457 -2.119650 -0.561992
v -2.081469 0.530810 -1.689102
v -2.081439 -0.314498 -1.742424
v -1.988089 0.728576 -1.950234
v -1.988063 -0.299899 -2.042966
v -1.988044 -0.473617 -2.008255
v -1.987982 -0.854412 -1.872948
v -2.164734 -0.334334 -1.333905
v -2.081428 -0.406944 -1.725368
v -2.081381 -0.735797 -1.612837
v -2.164700 -0.571186 -1.251858
v -2.164764 0.499146 -1.281331
v -2.161037 -0.291664 -2.173048
v -2.161057 -0.077602 -2.201764
v -2.080393 -0.531001 1.689785
v -2.080422 0.314312 1.743107
v -1.986840 -0.726263 1.944192
v -2.080397 -0.620564 1.661250
v -2.080428 -0.932670 1.508289
v -2.163985 -0.499344 1.282064
v -2.162502 -0.096385 -2.735385
v -1.199219 -0.096334 -2.735677
v -1.199169 -0.628203 -2.664326
v -2.162452 -0.628254 -2.664035
v -1.199091 -1.135933 -2.490584
v -2.162374 -1.135984 -2.490293
v -1.198985 -1.600011 -2.221128
v -2.162272 -1.600061 -2.220835
v -1.198858 -2.002602 -1.866311
v -2.162141 -2.002654 -1.866020
v -1.198713 -2.328237 -1.439770
v -2.161995 -2.328289 -1.439481
v -2.161835 -2.564453 -0.957608
v -1.198552 -2.564401 -0.957898
v -1.198389 -2.702019 -0.439209
v -2.161674 -2.702071 -0.438920
v -1.198227 -2.735801 0.096359
v -2.161510 -2.735854 0.096649
v -1.198072 -2.664450 0.628227
v -2.161355 -2.664504 0.628518
v -1.197925 -2.490708 1.135957
v -2.161212 -2.490760 1.136247
v -1.197801 -2.221251 1.600035
v -2.161084 -2.221303 1.600325
v -1.197700 -1.866435 2.002627
v -2.160983 -1.866485 2.002917
v -1.197621 -1.439894 2.328263
v -2.160906 -1.439944 2.328552
v -2.160864 -0.958071 2.564715
v -1.197579 -0.958020 2.564425
v -1.197562 -0.439332 2.702044
v -2.160845 -0.439382 2.702334
v -1.197582 0.096237 2.735826
v -2.160867 0.096187 2.736116
v -1.197631 0.628107 2.664474
v -2.160917 0.628056 2.664764
v -1.197712 1.135836 2.490731
v -2.160995 1.135786 2.491022
v -1.197816 1.599914 2.221275
v -2.161101 1.599864 2.221564
v -1.197945 2.002506 1.866458
v -2.161227 2.002456 1.866748
v -1.198090 2.328141 1.439918
v -1.198246 2.564304 0.958046
v -2.161373 2.328090 1.440208
v -2.161529 2.564254 0.958336
v -1.198411 2.701922 0.439360
v -2.161694 2.701872 0.439650
v -1.198574 2.735704 -0.096208
v -2.161859 2.735654 -0.095919
v -1.198731 2.664354 -0.628075
v -2.162014 2.664304 -0.627786
v -1.198874 2.490612 -1.135804
v -2.162156 2.490562 -1.135514
v -1.199000 2.221158 -1.599881
v -2.162285 2.221106 -1.599591
v -1.199103 1.866341 -2.002474
v -2.162385 1.866291 -2.002182
v -1.199177 1.439802 -2.328108
v -2.162462 1.439752 -2.327818
v -1.199222 0.957931 -2.564275
v -2.162510 0.957880 -2.563982
v -1.199241 0.439244 -2.701894
v -2.162519 0.439193 -2.701602
v -1.199175 -0.090714 -2.575976
v -2.162455 -0.090765 -2.575686
v -1.199129 -0.591534 -2.508790
v -2.162407 -0.591585 -2.508499
v -1.199051 -1.069625 -2.345191
v -2.162333 -1.069675 -2.344898
v -1.198953 -1.506612 -2.091463
v -2.162236 -1.506663 -2.091173
v -1.198834 -1.885703 -1.757359
v -2.162109 -1.885753 -1.757069
v -1.198698 -2.192327 -1.355719
v -2.161973 -2.192379 -1.355429
v -1.198545 -2.414705 -0.901975
v -2.161825 -2.414757 -0.901686
v -1.198392 -2.544290 -0.413566
v -2.161673 -2.544341 -0.413277
v -2.161518 -2.576151 0.091028
v -1.198240 -2.576100 0.090738
v -1.198092 -2.508914 0.591559
v -2.161370 -2.508966 0.591850
v -1.197960 -2.345313 1.069649
v -2.161238 -2.345366 1.069939
v -1.197838 -2.091586 1.506636
v -2.161118 -2.091638 1.506926
v -1.197739 -1.757483 1.885727
v -2.161021 -1.757533 1.886017
v -1.197670 -1.355842 2.192353
v -2.160948 -1.355892 2.192643
v -1.197627 -0.902098 2.414731
v -2.160905 -0.902148 2.415021
v -1.197614 -0.413689 2.544314
v -2.160892 -0.413739 2.544604
v -2.160911 0.090566 2.576414
v -1.197633 0.090617 2.576124
v -1.197679 0.591438 2.508938
v -1.197750 1.069528 2.345338
v -2.160957 0.591387 2.509228
v -2.161031 1.069478 2.345628
v -1.197850 1.506515 2.091610
v -1.197972 1.885605 1.757506
v -2.161133 1.506465 2.091901
v -2.161254 1.885555 1.757796
v -1.198108 2.192230 1.355866
v -2.161388 2.192180 1.356156
v -2.161539 2.414558 0.902414
v -1.198258 2.414608 0.902124
v -1.198413 2.544192 0.413717
v -2.161694 2.544142 0.414006
v -1.198563 2.576002 -0.090588
v -2.161846 2.575952 -0.090298
v -1.198716 2.508817 -0.591407
v -2.161992 2.508766 -0.591117
v -2.162126 2.345168 -1.069207
v -1.198848 2.345218 -1.069496
v -1.198965 2.091492 -1.506482
v -2.162246 2.091442 -1.506192
v -1.199065 1.757389 -1.885573
v -2.162343 1.757339 -1.885281
v -1.199138 1.355750 -2.192199
v -2.162413 1.355699 -2.191908
v -1.199181 0.902008 -2.414578
v -2.162457 0.901957 -2.414287
v -2.162469 0.413549 -2.543872
v -1.199194 0.413600 -2.544164
v -1.056260 -0.090706 -2.576019
v -2.305371 -0.090771 -2.575642
v -1.056214 -0.591527 -2.508832
v -2.305322 -0.591592 -2.508458
v -1.056138 -1.069617 -2.345233
v -2.305251 -1.069682 -2.344857
v -1.056038 -1.506605 -2.091506
v -2.305151 -1.506670 -2.091130
v -1.055916 -1.885695 -1.757402
v -2.305027 -1.885761 -1.757026
v -2.304891 -2.192387 -1.355385
v -1.055778 -2.192321 -1.355763
v -1.055630 -2.414699 -0.902019
v -2.304745 -2.414764 -0.901641
v -1.055477 -2.544283 -0.413610
v -2.304590 -2.544349 -0.413233
v -1.055323 -2.576093 0.090694
v -2.304436 -2.576159 0.091072
v -1.055176 -2.508907 0.591516
v -2.304290 -2.508974 0.591893
v -2.304155 -2.345373 1.069982
v -1.055042 -2.345307 1.069605
v -1.054922 -2.091579 1.506592
v -2.304036 -2.091646 1.506969
v -1.054826 -1.757477 1.885683
v -2.303939 -1.757541 1.886061
v -1.054755 -1.355834 2.192310
v -2.303868 -1.355899 2.192686
v -1.054712 -0.902090 2.414688
v -2.303823 -0.902155 2.415064
v -1.054699 -0.413681 2.544271
v -2.303812 -0.413746 2.544647
v -1.054718 0.090624 2.576081
v -2.303828 0.090559 2.576457
v -1.054761 0.591445 2.508895
v -2.303874 0.591380 2.509271
v -1.054835 1.069536 2.345295
v -2.303948 1.069471 2.345672
v -1.054937 1.506522 2.091568
v -2.304050 1.506458 2.091944
v -1.055059 1.885613 1.757464
v -2.304172 1.885548 1.757840
v -1.055195 2.192238 1.355823
v -2.304308 2.192173 1.356200
v -2.304454 2.414551 0.902457
v -1.055343 2.414617 0.902080
v -1.055498 2.544199 0.413673
v -2.304609 2.544134 0.414050
v -1.055650 2.576010 -0.090631
v -2.304761 2.575945 -0.090254
v -1.055796 2.508825 -0.591450
v -2.304909 2.508760 -0.591073
v -1.055933 2.345227 -1.069540
v -2.305046 2.345161 -1.069164
v -1.056050 2.091500 -1.506526
v -2.305161 2.091435 -1.506150
v -1.056147 1.757398 -1.885616
v -2.305258 1.757332 -1.885241
v -2.305333 1.355692 -2.191866
v -1.056220 1.355758 -2.192241
v -1.056261 0.902015 -2.414622
v -2.305374 0.901950 -2.414246
v -1.056274 0.413608 -2.544207
v -2.305387 0.413543 -2.543831
v -2.305284 -0.080795 -2.292193
v -2.305244 -0.526510 -2.232401
v -2.305176 -0.951995 -2.086802
v -2.305087 -1.340899 -1.860994
v -2.304979 -1.678278 -1.563652
v -2.304858 -1.951164 -1.206205
v -2.304727 -2.149074 -0.802387
v -2.304588 -2.264400 -0.367719
v -2.304454 -2.292711 0.081096
v -2.304320 -2.232918 0.526810
v -2.304202 -2.087318 0.952295
v -2.304095 -1.861509 1.341200
v -2.304006 -1.564167 1.678578
v -2.303945 -1.206719 1.951465
v -2.303904 -0.802901 2.149374
v -2.303899 -0.368232 2.264700
v -2.303910 0.080583 2.293010
v -2.303951 0.526297 2.233217
v -2.304018 0.951783 2.087618
v -2.304107 1.340687 1.861808
v -2.304215 1.678066 1.564466
v -2.304336 1.950952 1.207020
v -2.304472 2.148861 0.803203
v -2.304606 2.264186 0.368536
v -2.304742 2.292497 -0.080278
v -2.304872 2.232705 -0.525991
v -2.304997 2.087106 -0.951476
v -2.305099 1.861298 -1.340380
v -2.305186 1.563957 -1.677759
v -2.305249 1.206511 -1.950646
v -2.305290 0.802695 -2.148555
v -2.305298 0.368027 -2.263883
v -1.987010 -1.670958 1.203821
v -1.773579 -0.096365 -2.735503
v -1.588142 -0.096355 -2.735560
v -1.773529 -0.628234 -2.664153
v -1.588094 -0.628224 -2.664210
v -1.773449 -1.135963 -2.490411
v -1.588014 -1.135954 -2.490467
v -1.773345 -1.600040 -2.220955
v -1.587912 -1.600031 -2.221009
v -1.773218 -2.002631 -1.866138
v -1.587781 -2.002622 -1.866194
v -1.773070 -2.328267 -1.439598
v -1.587635 -2.328258 -1.439653
v -1.587480 -2.564423 -0.957780
v -1.772912 -2.564431 -0.957725
v -1.772749 -2.702050 -0.439037
v -1.587314 -2.702039 -0.439092
v -1.587152 -2.735823 0.096477
v -1.772587 -2.735833 0.096532
v -1.772432 -2.664481 0.628400
v -1.586995 -2.664473 0.628345
v -1.772285 -2.490738 1.136130
v -1.586852 -2.490730 1.136075
v -1.772159 -2.221281 1.600209
v -1.586724 -2.221272 1.600153
v -1.586625 -1.866456 2.002745
v -1.772060 -1.866464 2.002800
v -1.586546 -1.439915 2.328379
v -1.771981 -1.439924 2.328436
v -1.586504 -0.958041 2.564543
v -1.771939 -0.958050 2.564599
v -1.771922 -0.439362 2.702217
v -1.586490 -0.439353 2.702160
v -1.771939 0.096207 2.735999
v -1.586507 0.096217 2.735943
v -1.586557 0.628086 2.664591
v -1.771991 0.628076 2.664647
v -1.772072 1.135806 2.490905
v -1.586639 1.135816 2.490848
v -1.586741 1.599894 2.221392
v -1.772176 1.599884 2.221448
v -1.586867 2.002486 1.866575
v -1.772305 2.002476 1.866631
v -1.772450 2.328111 1.440091
v -1.587016 2.328120 1.440035
v -1.772606 2.564274 0.958219
v -1.587169 2.564284 0.958164
v -1.587339 2.701901 0.439477
v -1.772771 2.701891 0.439533
v -1.587499 2.735684 -0.096091
v -1.772934 2.735674 -0.096035
v -1.773091 2.664324 -0.627902
v -1.587653 2.664333 -0.627958
v -1.773234 2.490583 -1.135631
v -1.587801 2.490592 -1.135687
v -1.773360 2.221127 -1.599708
v -1.587925 2.221137 -1.599764
v -1.773463 1.866311 -2.002301
v -1.588025 1.866321 -2.002357
v -1.773537 1.439772 -2.327936
v -1.588102 1.439782 -2.327992
v -1.588150 0.957910 -2.564157
v -1.773582 0.957901 -2.564100
v -1.773596 0.439214 -2.701721
v -1.588159 0.439224 -2.701775
v -1.741947 0.025183 -3.201505
v -1.620073 0.025190 -3.201540
v -1.741862 -0.868295 -3.081645
v -1.619987 -0.868289 -3.081680
v -1.741810 -1.201997 -2.967454
v -1.619936 -1.201990 -2.967489
v -1.741633 -1.981591 -2.514799
v -1.619758 -1.981584 -2.514833
v -1.741549 -2.246192 -2.281599
v -1.619671 -2.246186 -2.281633
v -1.741303 -2.793221 -1.565061
v -1.619428 -2.793214 -1.565097
v -1.741203 -2.948438 -1.248354
v -1.619326 -2.948431 -1.248391
v -1.740924 -3.179620 -0.377020
v -1.619051 -3.179613 -0.377057
v -1.740820 -3.201823 -0.025022
v -1.618942 -3.201816 -0.025058
v -1.740553 -3.081961 0.868455
v -1.618678 -3.081954 0.868419
v -1.740461 -2.967770 1.202156
v -1.618587 -2.967763 1.202119
v -1.740251 -2.515115 1.981751
v -1.618371 -2.515108 1.981714
v -1.740183 -2.281913 2.246351
v -1.618309 -2.281906 2.246315
v -1.740055 -1.565376 2.793380
v -1.618178 -1.565370 2.793343
v -1.740029 -1.248668 2.948596
v -1.618151 -1.248662 2.948559
v -1.740003 -0.377334 3.179777
v -1.618128 -0.377328 3.179741
v -1.740016 -0.025336 3.201980
v -1.618138 -0.025329 3.201944
v -1.740099 0.868142 3.082119
v -1.618219 0.868148 3.082082
v -1.740150 1.201843 2.967928
v -1.618273 1.201849 2.967891
v -1.740328 1.981439 2.515271
v -1.618451 1.981445 2.515234
v -1.740414 2.246039 2.282072
v -1.618535 2.246045 2.282035
v -1.740657 2.793067 1.565535
v -1.618783 2.793072 1.565498
v -1.740760 2.948282 1.248829
v -1.618883 2.948289 1.248792
v -1.741034 3.179464 0.377498
v -1.619157 3.179471 0.377460
v -1.741143 3.201667 0.025500
v -1.619266 3.201674 0.025464
v -1.741403 3.081807 -0.867975
v -1.619530 3.081814 -0.868012
v -1.741499 2.967618 -1.201675
v -1.619624 2.967624 -1.201711
v -1.741709 2.514963 -1.981269
v -1.619835 2.514970 -1.981305
v -1.741777 2.281764 -2.245869
v -1.619902 2.281770 -2.245906
v -1.741908 1.565229 -2.792899
v -1.620028 1.565235 -2.792935
v -1.741934 1.248522 -2.948116
v -1.620060 1.248529 -2.948151
v -1.741958 0.377188 -3.179301
v -1.620083 0.377195 -3.179337
v -2.160779 2.004748 -0.913955
v -2.159775 0.505532 2.145061
v -2.159842 0.914227 2.005208
v -2.159734 -0.771213 2.064528
v -2.160129 -2.144798 0.505994
v -2.160015 -2.004944 0.914688
v -2.160662 2.144600 -0.505262
v -2.160029 1.611849 1.502702
v -2.160145 1.873967 1.159360
v -2.159834 -1.502437 1.612311
v -2.161073 0.353508 -2.174571
v -2.160765 -1.612045 -1.501974
v -2.160881 1.787851 -1.287512
v -2.160276 2.064065 0.771480
v -2.159926 1.287784 1.788310
v -2.161024 1.158903 -1.873695
v -2.160868 -1.287980 -1.787582
v -2.160648 -1.874165 -1.158632
v -2.160964 1.502244 -1.611576
v -2.159913 -1.788046 1.288246
v -2.161062 0.771023 -2.063795
v -1.987525 -1.972022 -0.552514
v -2.160523 -2.064263 -0.770749
v -2.160391 -2.175037 -0.353235
v -1.988095 0.555186 -2.003062
v -2.160952 -0.914423 -2.004479
v -2.161018 -0.505726 -2.144331
v -1.986830 -0.555185 2.001455
v -1.986856 0.298387 2.071001
v -2.159770 -1.159095 1.874428
v -1.055487 -0.000044 0.000017
v -2.159730 -0.562455 2.119915
v 2.080863 1.689353 0.531238
v 2.081115 1.742672 -0.314058
v 2.248060 0.329530 -0.532612
v 2.248039 0.427179 -0.458063
v 2.248019 0.508410 -0.365895
v 2.247989 0.570097 -0.259651
v 2.247880 0.618473 0.100960
v 2.247844 0.586968 0.219705
v 2.247808 0.532902 0.330023
v 2.247777 0.458352 0.427672
v 2.247722 0.259941 0.570591
v 2.247693 0.021940 0.626702
v 2.247694 -0.219417 0.587462
v 2.247720 -0.427385 0.458847
v 2.247804 -0.610080 0.144198
v 2.247877 -0.618680 -0.100176
v 2.247916 -0.587174 -0.218923
v 2.248013 -0.366391 -0.508121
v 2.248059 -0.143910 -0.609584
v 1.987902 -1.201138 -1.667075
v 1.987804 -1.501146 -1.398677
v 1.987697 -1.743574 -1.077945
v 1.987214 -1.997564 0.471231
v 1.987106 -1.870013 0.853121
v 1.986933 -1.407295 1.510167
v 1.986874 -1.088512 1.760257
v 1.986874 0.480188 2.037459
v 1.987225 1.793106 1.109279
v 1.987402 2.034142 0.557961
v 1.987661 2.086257 -0.297395
v 1.987718 2.049488 -0.483429
v 1.987827 1.913049 -0.872197
v 1.987921 1.702791 -1.226308
v 1.988001 1.427449 -1.531379
v 1.988055 1.098233 -1.775634
v 2.248071 0.100466 -0.618185
v 2.217740 0.391907 0.859940
v 1.986936 0.870369 1.908997
v 2.218033 -0.885094 -0.330227
v 2.217981 0.932384 0.151985
v 2.164388 1.358366 0.221225
v 2.164710 0.938263 -1.006451
v 2.081385 1.208750 -1.296691
v 2.163991 0.048311 1.375815
v 2.217693 0.033127 0.944525
v 2.218137 -0.691209 -0.643733
v 2.217871 0.803387 0.497290
v 2.164234 1.170441 0.724273
v 2.080732 1.507853 0.932915
v 2.164289 -1.375549 0.048775
v 2.081145 1.725616 -0.406506
v 2.247704 -0.329735 0.533396
v 2.164007 -0.724007 1.170905
v 2.081462 0.620375 -1.660566
v 2.248040 -0.260147 -0.569809
v 2.218214 -0.392110 -0.859178
v 2.164052 0.570988 1.252589
v 2.080482 0.735608 1.613519
v 2.217816 -0.859662 0.392390
v 2.164147 -1.252324 0.571452
v 2.247688 -0.100671 0.618967
v 2.217688 -0.151704 0.932867
v 2.163978 -0.220957 1.358830
v 2.218268 0.151505 -0.932103
v 2.247985 -0.458559 -0.426890
v 2.164586 -1.006920 -0.937994
v 2.081226 -1.297132 -1.208501
v 2.217818 0.691006 0.644495
v 2.164164 1.006722 0.938725
v 2.080637 1.296943 1.209182
v 1.987113 1.540444 1.436054
v 2.247842 -0.626414 0.022435
v 2.217915 -0.944247 0.033611
v 2.247958 0.609873 -0.143414
v 2.218092 0.919419 -0.216402
v 2.164040 -0.938459 1.007186
v 2.164745 0.723813 -1.170171
v 2.081436 0.932484 -1.507602
v 2.218243 -0.216886 -0.919139
v 2.247703 0.143703 0.610367
v 2.164015 0.334135 1.334638
v 2.080433 0.406754 1.726051
v 2.217921 0.884890 0.330990
v 2.164305 1.281600 0.499611
v 2.080835 1.660815 0.620812
v 1.987345 1.976323 0.738643
v 2.247775 -0.570303 0.260435
v 2.080623 -1.613274 0.736042
v 2.218185 0.766466 -0.551784
v 2.164663 1.116652 -0.804041
v 2.081320 1.438562 -1.035936
v 2.217695 -0.330710 0.885373
v 2.164772 0.220764 -1.358097
v 2.218260 0.330510 -0.884609
v 2.248066 0.219212 -0.586679
v 2.081310 -1.036376 -1.438312
v 2.164647 -0.804509 -1.116384
v 2.218179 -0.552269 -0.766185
v 2.247746 0.366185 0.508903
v 2.217776 0.552066 0.766947
v 2.164103 0.804312 1.117115
v 2.080551 1.036187 1.438993
v 1.987011 1.228635 1.706111
v 2.217976 -0.932588 -0.151221
v 2.164463 1.375351 -0.048042
v 2.218037 0.944043 -0.032847
v 2.247922 0.626207 -0.021651
v 2.217736 -0.644216 0.691489
v 2.080479 -1.208937 1.297378
v 2.080544 -1.438749 1.036622
v 2.164087 -1.116850 0.804776
v 2.217772 -0.766668 0.552549
v 2.247745 -0.508615 0.366679
v 2.218244 0.496810 -0.803105
v 2.218218 0.644014 -0.690724
v 2.218261 -0.033331 -0.943763
v 2.164761 -0.048508 -1.375083
v 2.248067 -0.022147 -0.625919
v 2.217711 0.216683 0.919901
v 2.247951 -0.533109 -0.329240
v 2.218086 -0.803590 -0.496528
v 2.164517 -1.170638 -0.723543
v 2.081129 -1.508045 -0.932234
v 2.217863 -0.919622 0.217166
v 2.164209 -1.334371 0.334600
v 2.080719 -1.725805 0.407190
v 2.218140 0.859458 -0.391625
v 2.164605 1.252127 -0.570718
v 2.081239 1.613086 -0.735357
v 2.217710 -0.497012 0.803870
v 2.164541 1.334173 -0.333867
v 2.160536 2.202034 -0.077138
v 2.160599 2.173317 -0.291200
v 2.159739 0.077407 2.202495
v 2.159757 0.291469 2.173778
v 2.161068 0.562266 -2.119183
v 2.160340 2.119453 0.562722
v 2.160405 2.174840 0.353965
v 2.159725 -0.353698 2.175302
v 2.081000 -1.689542 -0.530555
v 2.080746 -1.742864 0.314735
v 1.987581 -1.919668 -0.716837
v 1.987267 -2.029004 0.300817
v 2.164364 -1.358565 -0.220492
v 2.164447 -1.281798 -0.498878
v 2.081028 -1.661005 -0.620127
v 2.160260 -2.202231 0.077868
v 2.160195 -2.173514 0.291931
v 2.160457 -2.119650 -0.561992
v 2.081469 0.530810 -1.689101
v 2.081439 -0.314498 -1.742424
v 1.988089 0.728576 -1.950234
v 1.988063 -0.299899 -2.042966
v 1.988045 -0.473617 -2.008255
v 1.987982 -0.854412 -1.872948
v 2.164735 -0.334334 -1.333905
v 2.081428 -0.406944 -1.725368
v 2.081381 -0.735797 -1.612837
v 2.164700 -0.571185 -1.251858
v 2.164764 0.499146 -1.281331
v 2.161038 -0.291664 -2.173047
v 2.161057 -0.077602 -2.201763
v 2.080393 -0.531001 1.689784
v 2.080422 0.314312 1.743107
v 1.986841 -0.726263 1.944192
v 2.080397 -0.620564 1.661250
v 2.080428 -0.932670 1.508289
v 2.163986 -0.499344 1.282064
v 2.162502 -0.096385 -2.735385
v 1.199219 -0.096334 -2.735676
v 1.199169 -0.628203 -2.664326
v 2.162452 -0.628254 -2.664035
v 1.199091 -1.135933 -2.490583
v 2.162374 -1.135984 -2.490292
v 1.198985 -1.600011 -2.221127
v 2.162272 -1.600061 -2.220835
v 1.198858 -2.002602 -1.866310
v 2.162141 -2.002653 -1.866020
v 1.198713 -2.328237 -1.439770
v 2.161995 -2.328288 -1.439480
v 2.161835 -2.564452 -0.957608
v 1.198552 -2.564401 -0.957898
v 1.198389 -2.702018 -0.439209
v 2.161674 -2.702071 -0.438920
v 1.198227 -2.735800 0.096359
v 2.161510 -2.735854 0.096649
v 1.198072 -2.664450 0.628227
v 2.161355 -2.664504 0.628517
v 1.197925 -2.490707 1.135957
v 2.161212 -2.490760 1.136247
v 1.197801 -2.221251 1.600035
v 2.161084 -2.221302 1.600325
v 1.197700 -1.866434 2.002627
v 2.160983 -1.866485 2.002917
v 1.197621 -1.439894 2.328263
v 2.160906 -1.439944 2.328552
v 2.160864 -0.958070 2.564715
v 1.197579 -0.958020 2.564425
v 1.197562 -0.439332 2.702044
v 2.160845 -0.439382 2.702334
v 1.197582 0.096237 2.735826
v 2.160866 0.096187 2.736116
v 1.197631 0.628107 2.664474
v 2.160917 0.628056 2.664764
v 1.197712 1.135836 2.490732
v 2.160995 1.135785 2.491022
v 1.197816 1.599914 2.221275
v 2.161101 1.599864 2.221564
v 1.197945 2.002506 1.866458
v 2.161227 2.002456 1.866748
v 1.198090 2.328141 1.439918
v 1.198246 2.564304 0.958046
v 2.161373 2.328090 1.440208
v 2.161529 2.564254 0.958336
v 1.198411 2.701921 0.439360
v 2.161694 2.701871 0.439650
v 1.198574 2.735704 -0.096208
v 2.161859 2.735654 -0.095919
v 1.198731 2.664354 -0.628075
v 2.162013 2.664303 -0.627786
v 1.198874 2.490612 -1.135803
v 2.162156 2.490562 -1.135514
v 1.199000 2.221158 -1.599881
v 2.162285 2.221106 -1.599591
v 1.199103 1.866341 -2.002473
v 2.162385 1.866291 -2.002182
v 1.199177 1.439802 -2.328108
v 2.162462 1.439752 -2.327818
v 1.199222 0.957931 -2.564275
v 2.162509 0.957880 -2.563982
v 1.199241 0.439244 -2.701893
v 2.162519 0.439193 -2.701601
v 1.199175 -0.090714 -2.575976
v 2.162456 -0.090765 -2.575685
v 1.199129 -0.591534 -2.508790
v 2.162407 -0.591585 -2.508499
v 1.199050 -1.069625 -2.345190
v 2.162333 -1.069675 -2.344898
v 1.198953 -1.506612 -2.091463
v 2.162236 -1.506663 -2.091172
v 1.198834 -1.885703 -1.757359
v 2.162109 -1.885753 -1.757069
v 1.198698 -2.192327 -1.355719
v 2.161973 -2.192378 -1.355429
v 1.198545 -2.414705 -0.901975
v 2.161825 -2.414757 -0.901686
v 1.198392 -2.544290 -0.413566
v 2.161672 -2.544341 -0.413277
v 2.161518 -2.576151 0.091028
v 1.198240 -2.576100 0.090738
v 1.198092 -2.508914 0.591559
v 2.161370 -2.508965 0.591849
v 1.197960 -2.345313 1.069649
v 2.161238 -2.345366 1.069939
v 1.197838 -2.091585 1.506636
v 2.161118 -2.091638 1.506926
v 1.197739 -1.757483 1.885727
v 2.161021 -1.757533 1.886017
v 1.197670 -1.355841 2.192353
v 2.160948 -1.355892 2.192642
v 1.197627 -0.902098 2.414731
v 2.160905 -0.902148 2.415020
v 1.197614 -0.413689 2.544314
v 2.160892 -0.413739 2.544603
v 2.160911 0.090566 2.576414
v 1.197633 0.090617 2.576124
v 1.197679 0.591438 2.508938
v 1.197750 1.069528 2.345338
v 2.160957 0.591387 2.509228
v 2.161031 1.069478 2.345628
v 1.197850 1.506515 2.091610
v 1.197972 1.885605 1.757506
v 2.161133 1.506465 2.091900
v 2.161255 1.885555 1.757796
v 1.198108 2.192230 1.355866
v 2.161388 2.192180 1.356156
v 2.161538 2.414558 0.902413
v 1.198258 2.414608 0.902124
v 1.198413 2.544192 0.413717
v 2.161694 2.544142 0.414006
v 1.198563 2.576002 -0.090588
v 2.161846 2.575952 -0.090298
v 1.198716 2.508817 -0.591407
v 2.161992 2.508766 -0.591117
v 2.162126 2.345168 -1.069206
v 1.198848 2.345218 -1.069496
v 1.198965 2.091492 -1.506482
v 2.162246 2.091441 -1.506192
v 1.199065 1.757389 -1.885573
v 2.162343 1.757339 -1.885281
v 1.199137 1.355750 -2.192199
v 2.162413 1.355699 -2.191907
v 1.199181 0.902008 -2.414577
v 2.162456 0.901957 -2.414287
v 2.162469 0.413549 -2.543872
v 1.199194 0.413600 -2.544164
v 1.056260 -0.090706 -2.576019
v 2.305371 -0.090771 -2.575642
v 1.056214 -0.591526 -2.508832
v 2.305322 -0.591592 -2.508458
v 1.056138 -1.069617 -2.345233
v 2.305251 -1.069682 -2.344857
v 1.056038 -1.506605 -2.091506
v 2.305151 -1.506670 -2.091130
v 1.055916 -1.885695 -1.757402
v 2.305027 -1.885761 -1.757026
v 2.304891 -2.192386 -1.355385
v 1.055778 -2.192320 -1.355763
v 1.055630 -2.414698 -0.902019
v 2.304745 -2.414763 -0.901641
v 1.055477 -2.544283 -0.413610
v 2.304590 -2.544349 -0.413233
v 1.055323 -2.576093 0.090694
v 2.304436 -2.576159 0.091072
v 1.055176 -2.508907 0.591516
v 2.304290 -2.508973 0.591893
v 2.304155 -2.345372 1.069982
v 1.055042 -2.345306 1.069605
v 1.054922 -2.091579 1.506593
v 2.304036 -2.091646 1.506969
v 1.054826 -1.757476 1.885683
v 2.303939 -1.757541 1.886060
v 1.054755 -1.355834 2.192310
v 2.303868 -1.355900 2.192686
v 1.054712 -0.902090 2.414687
v 2.303823 -0.902155 2.415064
v 1.054699 -0.413681 2.544271
v 2.303812 -0.413746 2.544647
v 1.054718 0.090624 2.576080
v 2.303828 0.090559 2.576457
v 1.054761 0.591445 2.508894
v 2.303874 0.591380 2.509271
v 1.054835 1.069536 2.345295
v 2.303948 1.069471 2.345672
v 1.054937 1.506522 2.091568
v 2.304051 1.506457 2.091944
v 1.055059 1.885613 1.757463
v 2.304172 1.885548 1.757840
v 1.055195 2.192239 1.355823
v 2.304308 2.192173 1.356200
v 2.304454 2.414551 0.902457
v 1.055343 2.414617 0.902080
v 1.055498 2.544199 0.413673
v 2.304609 2.544134 0.414050
v 1.055650 2.576010 -0.090631
v 2.304761 2.575945 -0.090254
v 1.055796 2.508825 -0.591450
v 2.304909 2.508760 -0.591073
v 1.055933 2.345227 -1.069540
v 2.305046 2.345161 -1.069164
v 1.056050 2.091500 -1.506526
v 2.305161 2.091435 -1.506149
v 1.056147 1.757398 -1.885616
v 2.305258 1.757332 -1.885241
v 2.305333 1.355692 -2.191866
v 1.056220 1.355758 -2.192241
v 1.056261 0.902015 -2.414622
v 2.305374 0.901950 -2.414246
v 1.056274 0.413607 -2.544207
v 2.305387 0.413543 -2.543830
v 2.305285 -0.080795 -2.292193
v 2.305244 -0.526510 -2.232401
v 2.305175 -0.951995 -2.086802
v 2.305087 -1.340899 -1.860994
v 2.304979 -1.678278 -1.563652
v 2.304858 -1.951164 -1.206205
v 2.304727 -2.149074 -0.802387
v 2.304588 -2.264400 -0.367719
v 2.304454 -2.292711 0.081096
v 2.304320 -2.232917 0.526810
v 2.304202 -2.087318 0.952295
v 2.304095 -1.861509 1.341200
v 2.304005 -1.564167 1.678578
v 2.303945 -1.206719 1.951465
v 2.303905 -0.802900 2.149374
v 2.303899 -0.368232 2.264700
v 2.303910 0.080583 2.293010
v 2.303950 0.526297 2.233217
v 2.304019 0.951783 2.087618
v 2.304107 1.340687 1.861808
v 2.304215 1.678066 1.564466
v 2.304336 1.950952 1.207020
v 2.304471 2.148862 0.803203
v 2.304606 2.264187 0.368536
v 2.304742 2.292497 -0.080278
v 2.304872 2.232705 -0.525991
v 2.304997 2.087106 -0.951475
v 2.305099 1.861298 -1.340379
v 2.305186 1.563957 -1.677758
v 2.305249 1.206511 -1.950646
v 2.305290 0.802695 -2.148555
v 2.305298 0.368027 -2.263883
v 1.987010 -1.670957 1.203821
v 1.773579 -0.096365 -2.735503
v 1.588142 -0.096355 -2.735559
v 1.773529 -0.628234 -2.664153
v 1.588094 -0.628224 -2.664209
v 1.773449 -1.135963 -2.490410
v 1.588014 -1.135954 -2.490467
v 1.773345 -1.600040 -2.220954
v 1.587912 -1.600031 -2.221009
v 1.773218 -2.002631 -1.866138
v 1.587781 -2.002621 -1.866194
v 1.773070 -2.328267 -1.439598
v 1.587635 -2.328258 -1.439653
v 1.587480 -2.564423 -0.957780
v 1.772912 -2.564431 -0.957725
v 1.772749 -2.702050 -0.439037
v 1.587314 -2.702039 -0.439092
v 1.587152 -2.735822 0.096477
v 1.772587 -2.735833 0.096532
v 1.772432 -2.664481 0.628400
v 1.586995 -2.664472 0.628345
v 1.772285 -2.490738 1.136130
v 1.586852 -2.490730 1.136075
v 1.772159 -2.221281 1.600208
v 1.586724 -2.221272 1.600153
v 1.586625 -1.866455 2.002745
v 1.772060 -1.866464 2.002800
v 1.586546 -1.439915 2.328380
v 1.771981 -1.439924 2.328436
v 1.586504 -0.958041 2.564543
v 1.771939 -0.958050 2.564599
v 1.771922 -0.439362 2.702216
v 1.586489 -0.439353 2.702160
v 1.771939 0.096207 2.735999
v 1.586507 0.096217 2.735943
v 1.586557 0.628086 2.664591
v 1.771991 0.628076 2.664647
v 1.772072 1.135806 2.490904
v 1.586640 1.135816 2.490848
v 1.586741 1.599894 2.221392
v 1.772176 1.599884 2.221448
v 1.586867 2.002486 1.866575
v 1.772305 2.002475 1.866631
v 1.772450 2.328110 1.440091
v 1.587016 2.328120 1.440035
v 1.772606 2.564274 0.958219
v 1.587169 2.564284 0.958164
v 1.587339 2.701901 0.439477
v 1.772771 2.701891 0.439533
v 1.587499 2.735684 -0.096091
v 1.772934 2.735674 -0.096035
v 1.773091 2.664324 -0.627902
v 1.587654 2.664333 -0.627958
v 1.773233 2.490582 -1.135630
v 1.587801 2.490591 -1.135687
v 1.773360 2.221127 -1.599708
v 1.587925 2.221137 -1.599764
v 1.773463 1.866311 -2.002301
v 1.588026 1.866321 -2.002357
v 1.773537 1.439772 -2.327936
v 1.588102 1.439782 -2.327992
v 1.588149 0.957910 -2.564156
v 1.773582 0.957901 -2.564100
v 1.773596 0.439214 -2.701721
v 1.588159 0.439224 -2.701775
v 1.741947 0.025183 -3.201505
v 1.620072 0.025190 -3.201540
v 1.741862 -0.868296 -3.081645
v 1.619987 -0.868289 -3.081680
v 1.741810 -1.201997 -2.967454
v 1.619935 -1.201990 -2.967488
v 1.741633 -1.981591 -2.514799
v 1.619758 -1.981584 -2.514833
v 1.741549 -2.246192 -2.281599
v 1.619671 -2.246185 -2.281633
v 1.741303 -2.793221 -1.565061
v 1.619429 -2.793214 -1.565097
v 1.741203 -2.948438 -1.248354
v 1.619326 -2.948431 -1.248391
v 1.740924 -3.179620 -0.377020
v 1.619051 -3.179613 -0.377056
v 1.740820 -3.201823 -0.025022
v 1.618942 -3.201816 -0.025058
v 1.740553 -3.081961 0.868455
v 1.618678 -3.081954 0.868419
v 1.740461 -2.967770 1.202155
v 1.618587 -2.967763 1.202119
v 1.740251 -2.515115 1.981751
v 1.618372 -2.515108 1.981714
v 1.740183 -2.281913 2.246351
v 1.618308 -2.281906 2.246314
v 1.740055 -1.565376 2.793380
v 1.618178 -1.565370 2.793343
v 1.740028 -1.248668 2.948596
v 1.618151 -1.248662 2.948559
v 1.740003 -0.377334 3.179777
v 1.618128 -0.377328 3.179741
v 1.740016 -0.025336 3.201980
v 1.618138 -0.025329 3.201943
v 1.740099 0.868142 3.082119
v 1.618219 0.868148 3.082081
v 1.740150 1.201843 2.967927
v 1.618273 1.201849 2.967891
v 1.740328 1.981438 2.515271
v 1.618451 1.981445 2.515234
v 1.740414 2.246038 2.282072
v 1.618535 2.246045 2.282034
v 1.740657 2.793066 1.565535
v 1.618782 2.793072 1.565498
v 1.740760 2.948282 1.248829
v 1.618883 2.948288 1.248792
v 1.741034 3.179463 0.377498
v 1.619157 3.179470 0.377460
v 1.741143 3.201667 0.025500
v 1.619266 3.201673 0.025464
v 1.741403 3.081807 -0.867975
v 1.619530 3.081814 -0.868011
v 1.741499 2.967617 -1.201674
v 1.619624 2.967623 -1.201711
v 1.741709 2.514963 -1.981269
v 1.619835 2.514970 -1.981305
v 1.741777 2.281764 -2.245869
v 1.619902 2.281770 -2.245906
v 1.741908 1.565229 -2.792899
v 1.620028 1.565235 -2.792935
v 1.741935 1.248522 -2.948116
v 1.620060 1.248529 -2.948151
v 1.741958 0.377188 -3.179301
v 1.620083 0.377195 -3.179337
v 2.160779 2.004748 -0.913955
v 2.159775 0.505532 2.145061
v 2.159842 0.914227 2.005208
v 2.159734 -0.771213 2.064528
v 2.160129 -2.144798 0.505994
v 2.160015 -2.004944 0.914688
v 2.160662 2.144600 -0.505262
v 2.160029 1.611849 1.502701
v 2.160145 1.873967 1.159360
v 2.159834 -1.502437 1.612311
v 2.161074 0.353508 -2.174570
v 2.160765 -1.612045 -1.501974
v 2.160881 1.787851 -1.287512
v 2.160275 2.064065 0.771480
v 2.159926 1.287784 1.788310
v 2.161024 1.158903 -1.873695
v 2.160868 -1.287980 -1.787582
v 2.160648 -1.874165 -1.158632
v 2.160964 1.502244 -1.611576
v 2.159913 -1.788046 1.288246
v 2.161062 0.771023 -2.063795
v 1.987525 -1.972022 -0.552514
v 2.160523 -2.064262 -0.770749
v 2.160391 -2.175037 -0.353235
v 1.988095 0.555186 -2.003061
v 2.160952 -0.914423 -2.004479
v 2.161018 -0.505726 -2.144331
v 1.986830 -0.555185 2.001455
v 1.986856 0.298387 2.071000
v 2.159769 -1.159095 1.874428
v 1.055487 -0.000044 0.000017
v 2.159729 -0.562455 2.119915
v -2.080864 1.689354 0.531237
v -2.164305 1.281600 0.499611
v -2.164305 1.281600 0.499611
v -2.248060 0.329530 -0.532612
v -2.248039 0.427179 -0.458063
v -2.247808 0.532902 0.330023
v -2.247777 0.458352 0.427673
v -1.987106 -1.870013 0.853121
v -1.987214 -1.997565 0.471231
v -1.988001 1.427449 -1.531379
v -1.987921 1.702791 -1.226308
v -2.160340 2.119453 0.562722
v -2.160340 2.119453 0.562722
v -1.987402 2.034143 0.557961
v -1.987402 2.034143 0.557961
v -2.163978 -0.220957 1.358830
v -2.163991 0.048311 1.375815
v -1.986936 0.870369 1.908997
v -1.987011 1.228635 1.706111
v -2.160599 2.173317 -0.291200
v -2.160599 2.173317 -0.291200
v -1.987661 2.086257 -0.297395
v -1.987661 2.086257 -0.297395
v -2.160536 2.202034 -0.077138
v -2.159739 0.077407 2.202496
v -2.159757 0.291469 2.173779
v -2.159757 0.291469 2.173779
v -2.160405 2.174840 0.353965
v -2.159725 -0.353698 2.175303
v -1.987718 2.049488 -0.483429
v -2.164541 1.334173 -0.333867
v -2.164541 1.334173 -0.333867
v -2.081115 1.742673 -0.314058
v -2.080747 -1.742864 0.314735
v -1.987267 -2.029004 0.300817
v -1.987267 -2.029004 0.300817
v -2.160195 -2.173514 0.291931
v -2.160195 -2.173514 0.291931
v -2.160260 -2.202231 0.077868
v -1.987982 -0.854412 -1.872948
v -1.988044 -0.473617 -2.008255
v -2.081439 -0.314498 -1.742424
v -1.988063 -0.299899 -2.042966
v -1.988063 -0.299899 -2.042966
v -2.161037 -0.291664 -2.173048
v -2.161037 -0.291664 -2.173048
v -2.080422 0.314312 1.743107
v -2.164015 0.334135 1.334638
v -2.164015 0.334135 1.334638
v -2.161067 0.562266 -2.119183
v -2.161067 0.562266 -2.119183
v -2.164764 0.499146 -1.281331
v -2.164764 0.499146 -1.281331
v -1.199219 -0.096334 -2.735677
v -1.199169 -0.628203 -2.664326
v -2.162272 -1.600061 -2.220835
v -2.162374 -1.135984 -2.490293
v -2.161835 -2.564453 -0.957608
v -2.161995 -2.328289 -1.439481
v -1.198552 -2.564401 -0.957898
v -1.198389 -2.702019 -0.439209
v -2.161355 -2.664504 0.628518
v -2.161510 -2.735854 0.096649
v -2.161084 -2.221303 1.600325
v -2.161212 -2.490760 1.136247
v -1.197579 -0.958020 2.564425
v -1.197562 -0.439332 2.702044
v -1.197582 0.096237 2.735826
v -2.161227 2.002456 1.866748
v -2.161101 1.599864 2.221564
v -1.198090 2.328141 1.439918
v -1.198246 2.564304 0.958046
v -2.161529 2.564254 0.958336
v -2.161373 2.328090 1.440208
v -1.198574 2.735704 -0.096208
v -1.198731 2.664354 -0.628075
v -2.162014 2.664304 -0.627786
v -2.161859 2.735654 -0.095919
v -1.199222 0.957931 -2.564275
v -1.199241 0.439244 -2.701894
v -2.162519 0.439193 -2.701602
v -2.162510 0.957880 -2.563982
v -1.199175 -0.090714 -2.575976
v -1.199129 -0.591534 -2.508790
v -2.162407 -0.591585 -2.508499
v -2.162455 -0.090765 -2.575686
v -1.198698 -2.192327 -1.355719
v -1.198545 -2.414705 -0.901975
v -2.161518 -2.576151 0.091028
v -2.161673 -2.544341 -0.413277
v -1.198092 -2.508914 0.591559
v -1.197960 -2.345313 1.069649
v -2.161118 -2.091638 1.506926
v -2.161238 -2.345366 1.069939
v -2.160948 -1.355892 2.192643
v -2.161021 -1.757533 1.886017
v -1.197670 -1.355842 2.192353
v -1.197627 -0.902098 2.414731
v -1.197633 0.090617 2.576124
v -1.197679 0.591438 2.508938
v -1.197750 1.069528 2.345338
v -1.197850 1.506515 2.091610
v -1.197972 1.885605 1.757506
v -2.161254 1.885555 1.757796
v -2.161133 1.506465 2.091901
v -2.161388 2.192180 1.356156
v -1.198258 2.414608 0.902124
v -1.198413 2.544192 0.413717
v -1.198563 2.576002 -0.090588
v -1.198716 2.508817 -0.591407
v -2.161992 2.508766 -0.591117
v -2.161846 2.575952 -0.090298
v -1.198848 2.345218 -1.069496
v -1.198965 2.091492 -1.506482
v -2.162413 1.355699 -2.191908
v -2.162343 1.757339 -1.885281
v -2.304891 -2.192387 -1.355385
v -2.305027 -1.885761 -1.757026
v -1.055477 -2.544283 -0.413610
v -1.055323 -2.576093 0.090694
v -2.304436 -2.576159 0.091072
v -2.304590 -2.544349 -0.413233
v -1.055042 -2.345307 1.069605
v -1.054922 -2.091579 1.506592
v -1.054826 -1.757477 1.885683
v -1.054755 -1.355834 2.192310
v -2.303812 -0.413746 2.544647
v -2.303823 -0.902155 2.415064
v -1.054699 -0.413681 2.544271
v -1.054718 0.090624 2.576081
v -2.303874 0.591380 2.509271
v -2.303828 0.090559 2.576457
v -1.054835 1.069536 2.345295
v -1.054937 1.506522 2.091568
v -2.304050 1.506458 2.091944
v -2.303948 1.069471 2.345672
v -1.055059 1.885613 1.757464
v -2.304308 2.192173 1.356200
v -2.304172 1.885548 1.757840
v -1.055343 2.414617 0.902080
v -1.055498 2.544199 0.413673
v -1.055650 2.576010 -0.090631
v -1.055796 2.508825 -0.591450
v -2.304909 2.508760 -0.591073
v -2.304761 2.575945 -0.090254
v -2.305333 1.355692 -2.191866
v -2.305258 1.757332 -1.885241
v -1.056261 0.902015 -2.414622
v -1.056274 0.413608 -2.544207
v -2.305371 -0.090771 -2.575642
v -2.305387 0.413543 -2.543831
v -2.305176 -0.951995 -2.086802
v -2.305244 -0.526510 -2.232401
v -2.304095 -1.861509 1.341200
v -2.304202 -2.087318 0.952295
v -2.304215 1.678066 1.564466
v -2.304107 1.340687 1.861808
v -2.304336 1.950952 1.207020
v -2.304742 2.292497 -0.080278
v -2.304606 2.264186 0.368536
v -2.304872 2.232705 -0.525991
v -2.305249 1.206511 -1.950646
v -2.305186 1.563957 -1.677759
v -2.305284 -0.080795 -2.292193
v -2.305298 0.368027 -2.263883
v -1.740760 2.948282 1.248829
v -1.740760 2.948282 1.248829
v -1.772606 2.564274 0.958219
v -1.772606 2.564274 0.958219
v -1.588094 -0.628224 -2.664210
v -1.588094 -0.628224 -2.664210
v -1.773529 -0.628234 -2.664153
v -1.773529 -0.628234 -2.664153
v -1.587912 -1.600031 -2.221009
v -1.587912 -1.600031 -2.221009
v -1.773345 -1.600040 -2.220955
v -1.773345 -1.600040 -2.220955
v -1.587635 -2.328258 -1.439653
v -1.587635 -2.328258 -1.439653
v -1.773070 -2.328267 -1.439598
v -1.773070 -2.328267 -1.439598
v -1.587314 -2.702039 -0.439092
v -1.587314 -2.702039 -0.439092
v -1.772749 -2.702050 -0.439037
v -1.772749 -2.702050 -0.439037
v -1.618587 -2.967763 1.202119
v -1.618587 -2.967763 1.202119
v -1.586852 -2.490730 1.136075
v -1.586852 -2.490730 1.136075
v -1.586995 -2.664473 0.628345
v -1.586995 -2.664473 0.628345
v -1.772432 -2.664481 0.628400
v -1.772432 -2.664481 0.628400
v -1.772285 -2.490738 1.136130
v -1.772285 -2.490738 1.136130
v -1.586724 -2.221272 1.600153
v -1.586724 -2.221272 1.600153
v -1.772159 -2.221281 1.600209
v -1.772159 -2.221281 1.600209
v -1.741934 1.248522 -2.948116
v -1.741934 1.248522 -2.948116
v -1.773582 0.957901 -2.564100
v -1.773582 0.957901 -2.564100
v -1.586490 -0.439353 2.702160
v -1.586490 -0.439353 2.702160
v -1.771922 -0.439362 2.702217
v -1.771922 -0.439362 2.702217
v -1.586639 1.135816 2.490848
v -1.586639 1.135816 2.490848
v -1.772072 1.135806 2.490905
v -1.772072 1.135806 2.490905
v -1.587016 2.328120 1.440035
v -1.587016 2.328120 1.440035
v -1.772450 2.328111 1.440091
v -1.772450 2.328111 1.440091
v -1.587925 2.221137 -1.599764
v -1.587925 2.221137 -1.599764
v -1.773360 2.221127 -1.599708
v -1.773360 2.221127 -1.599708
v -1.619624 2.967624 -1.201711
v -1.619624 2.967624 -1.201711
v -1.587801 2.490592 -1.135687
v -1.587801 2.490592 -1.135687
v -1.588102 1.439782 -2.327992
v -1.588102 1.439782 -2.327992
v -1.773537 1.439772 -2.327936
v -1.773537 1.439772 -2.327936
v -1.588159 0.439224 -2.701775
v -1.588159 0.439224 -2.701775
v -1.773596 0.439214 -2.701721
v -1.773596 0.439214 -2.701721
v -1.588014 -1.135954 -2.490467
v -1.588014 -1.135954 -2.490467
v -1.773449 -1.135963 -2.490411
v -1.773449 -1.135963 -2.490411
v -1.587781 -2.002622 -1.866194
v -1.587781 -2.002622 -1.866194
v -1.773218 -2.002631 -1.866138
v -1.773218 -2.002631 -1.866138
v -1.587480 -2.564423 -0.957780
v -1.587480 -2.564423 -0.957780
v -1.586625 -1.866456 2.002745
v -1.586625 -1.866456 2.002745
v -1.586546 -1.439915 2.328379
v -1.586546 -1.439915 2.328379
v -1.586504 -0.958041 2.564543
v -1.586504 -0.958041 2.564543
v -1.586741 1.599894 2.221392
v -1.586741 1.599894 2.221392
v -1.586867 2.002486 1.866575
v -1.586867 2.002486 1.866575
v -1.772176 1.599884 2.221448
v -1.772176 1.599884 2.221448
v -1.772305 2.002476 1.866631
v -1.772305 2.002476 1.866631
v -1.587339 2.701901 0.439477
v -1.587339 2.701901 0.439477
v -1.587499 2.735684 -0.096091
v -1.587499 2.735684 -0.096091
v -1.772771 2.701891 0.439533
v -1.772771 2.701891 0.439533
v -1.772934 2.735674 -0.096035
v -1.772934 2.735674 -0.096035
v -1.620073 0.025190 -3.201540
v -1.620073 0.025190 -3.201540
v -1.741947 0.025183 -3.201505
v -1.741947 0.025183 -3.201505
v -1.619987 -0.868289 -3.081680
v -1.619987 -0.868289 -3.081680
v -1.741862 -0.868295 -3.081645
v -1.741862 -0.868295 -3.081645
v -1.619936 -1.201990 -2.967489
v -1.619936 -1.201990 -2.967489
v -1.741810 -1.201997 -2.967454
v -1.741810 -1.201997 -2.967454
v -1.619758 -1.981584 -2.514833
v -1.619758 -1.981584 -2.514833
v -1.741633 -1.981591 -2.514799
v -1.741633 -1.981591 -2.514799
v -1.619671 -2.246186 -2.281633
v -1.619671 -2.246186 -2.281633
v -1.741549 -2.246192 -2.281599
v -1.741549 -2.246192 -2.281599
v -1.619428 -2.793214 -1.565097
v -1.619428 -2.793214 -1.565097
v -1.741303 -2.793221 -1.565061
v -1.741303 -2.793221 -1.565061
v -1.619326 -2.948431 -1.248391
v -1.619326 -2.948431 -1.248391
v -1.741203 -2.948438 -1.248354
v -1.741203 -2.948438 -1.248354
v -1.619051 -3.179613 -0.377057
v -1.619051 -3.179613 -0.377057
v -1.740924 -3.179620 -0.377020
v -1.740924 -3.179620 -0.377020
v -1.618942 -3.201816 -0.025058
v -1.618942 -3.201816 -0.025058
v -1.740820 -3.201823 -0.025022
v -1.740820 -3.201823 -0.025022
v -1.618678 -3.081954 0.868419
v -1.618678 -3.081954 0.868419
v -1.740553 -3.081961 0.868455
v -1.740553 -3.081961 0.868455
v -1.740461 -2.967770 1.202156
v -1.740461 -2.967770 1.202156
v -1.618371 -2.515108 1.981714
v -1.618371 -2.515108 1.981714
v -1.740251 -2.515115 1.981751
v -1.740251 -2.515115 1.981751
v -1.618309 -2.281906 2.246315
v -1.618309 -2.281906 2.246315
v -1.740183 -2.281913 2.246351
v -1.740183 -2.281913 2.246351
v -1.618178 -1.565370 2.793343
v -1.618178 -1.565370 2.793343
v -1.740055 -1.565376 2.793380
v -1.740055 -1.565376 2.793380
v -1.618151 -1.248662 2.948559
v -1.618151 -1.248662 2.948559
v -1.740029 -1.248668 2.948596
v -1.740029 -1.248668 2.948596
v -1.618128 -0.377328 3.179741
v -1.618128 -0.377328 3.179741
v -1.740003 -0.377334 3.179777
v -1.740003 -0.377334 3.179777
v -1.618138 -0.025329 3.201944
v -1.618138 -0.025329 3.201944
v -1.740016 -0.025336 3.201980
v -1.740016 -0.025336 3.201980
v -1.618219 0.868148 3.082082
v -1.618219 0.868148 3.082082
v -1.740099 0.868142 3.082119
v -1.740099 0.868142 3.082119
v -1.618273 1.201849 2.967891
v -1.618273 1.201849 2.967891
v -1.740150 1.201843 2.967928
v -1.740150 1.201843 2.967928
v -1.618451 1.981445 2.515234
v -1.618451 1.981445 2.515234
v -1.740328 1.981439 2.515271
v -1.740328 1.981439 2.515271
v -1.618535 2.246045 2.282035
v -1.618535 2.246045 2.282035
v -1.740414 2.246039 2.282072
v -1.740414 2.246039 2.282072
v -1.618783 2.793072 1.565498
v -1.618783 2.793072 1.565498
v -1.740657 2.793067 1.565535
v -1.740657 2.793067 1.565535
v -1.618883 2.948289 1.248792
v -1.618883 2.948289 1.248792
v -1.619157 3.179471 0.377460
v -1.619157 3.179471 0.377460
v -1.741034 3.179464 0.377498
v -1.741034 3.179464 0.377498
v -1.619266 3.201674 0.025464
v -1.619266 3.201674 0.025464
v -1.741143 3.201667 0.025500
v -1.741143 3.201667 0.025500
v -1.619530 3.081814 -0.868012
v -1.619530 3.081814 -0.868012
v -1.741403 3.081807 -0.867975
v -1.741403 3.081807 -0.867975
v -1.741499 2.967618 -1.201675
v -1.741499 2.967618 -1.201675
v -1.619835 2.514970 -1.981305
v -1.619835 2.514970 -1.981305
v -1.741709 2.514963 -1.981269
v -1.741709 2.514963 -1.981269
v -1.619902 2.281770 -2.245906
v -1.619902 2.281770 -2.245906
v -1.741777 2.281764 -2.245869
v -1.741777 2.281764 -2.245869
v -1.620028 1.565235 -2.792935
v -1.620028 1.565235 -2.792935
v -1.741908 1.565229 -2.792899
v -1.741908 1.565229 -2.792899
v -1.620060 1.248529 -2.948151
v -1.620060 1.248529 -2.948151
v -1.620083 0.377195 -3.179337
v -1.620083 0.377195 -3.179337
v -1.741958 0.377188 -3.179301
v -1.741958 0.377188 -3.179301
v -1.772912 -2.564431 -0.957725
v -1.772912 -2.564431 -0.957725
v -1.587653 2.664333 -0.627958
v -1.587653 2.664333 -0.627958
v -1.586557 0.628086 2.664591
v -1.586557 0.628086 2.664591
v -1.587152 -2.735823 0.096477
v -1.587152 -2.735823 0.096477
v -1.588142 -0.096355 -2.735560
v -1.588142 -0.096355 -2.735560
v -1.771939 0.096207 2.735999
v -1.771939 0.096207 2.735999
v -1.772060 -1.866464 2.002800
v -1.772060 -1.866464 2.002800
v -1.987525 -1.972022 -0.552514
v -1.987525 -1.972022 -0.552514
v -1.987581 -1.919668 -0.716837
v -2.081000 -1.689542 -0.530555
v -2.160457 -2.119650 -0.561992
v -2.160457 -2.119650 -0.561992
v -1.988095 0.555186 -2.003062
v -1.988095 0.555186 -2.003062
v -1.988089 0.728576 -1.950234
v -2.081469 0.530810 -1.689102
v -1.986830 -0.555185 2.001455
v -1.986830 -0.555185 2.001455
v -1.986840 -0.726263 1.944192
v -1.986856 0.298387 2.071001
v -1.986856 0.298387 2.071001
v -2.247922 0.626208 -0.021651
v -2.247958 0.609873 -0.143414
v -2.303945 -1.206719 1.951465
v -2.304006 -1.564167 1.678578
v -2.304320 -2.232918 0.526810
v -2.304454 -2.292711 0.081096
v -2.160864 -0.958071 2.564715
v -2.160906 -1.439944 2.328552
v -1.197621 -1.439894 2.328263
v -2.160983 -1.866485 2.002917
v -1.056260 -0.090706 -2.576019
v -1.056214 -0.591527 -2.508832
v -2.305099 1.861298 -1.340380
v -2.304997 2.087106 -0.951476
v -2.304472 2.148861 0.803203
v -1.772587 -2.735833 0.096532
v -1.772587 -2.735833 0.096532
v -1.588025 1.866321 -2.002357
v -1.588025 1.866321 -2.002357
v -1.773091 2.664324 -0.627902
v -1.773091 2.664324 -0.627902
v -1.773234 2.490583 -1.135631
v -1.773234 2.490583 -1.135631
v -2.162285 2.221106 -1.599591
v -2.162156 2.490562 -1.135514
v -1.198874 2.490612 -1.135804
v -1.199000 2.221158 -1.599881
v -1.771991 0.628076 2.664647
v -1.771991 0.628076 2.664647
v -1.771939 -0.958050 2.564599
v -1.771939 -0.958050 2.564599
v -2.248019 0.508410 -0.365895
v -2.247989 0.570097 -0.259651
v -1.986874 -1.088512 1.760257
v -1.987010 -1.670958 1.203821
v -2.164447 -1.281798 -0.498878
v -2.164447 -1.281798 -0.498878
v -2.162141 -2.002654 -1.866020
v -1.198858 -2.002602 -1.866311
v -1.198713 -2.328237 -1.439770
v -2.161370 -2.508966 0.591850
v -1.198240 -2.576100 0.090738
v -1.198392 -2.544290 -0.413566
v -2.304745 -2.414764 -0.901641
v -1.055778 -2.192321 -1.355763
v -1.055630 -2.414699 -0.902019
v -2.162452 -0.628254 -2.664035
v -2.162502 -0.096385 -2.735385
v -2.161073 0.353508 -2.174571
v -2.161057 -0.077602 -2.201764
v -2.163985 -0.499344 1.282064
v -2.163985 -0.499344 1.282064
v -2.159730 -0.562455 2.119915
v -2.159730 -0.562455 2.119915
v -1.199051 -1.069625 -2.345191
v -1.198953 -1.506612 -2.091463
v -2.162333 -1.069675 -2.344898
v -1.588150 0.957910 -2.564157
v -1.588150 0.957910 -2.564157
v -1.773463 1.866311 -2.002301
v -1.773463 1.866311 -2.002301
v -1.056147 1.757398 -1.885616
v -1.056220 1.355758 -2.192241
v -1.056050 2.091500 -1.506526
v -2.305161 2.091435 -1.506150
v -2.305046 2.345161 -1.069164
v -1.199181 0.902008 -2.414578
v -1.199194 0.413600 -2.544164
v -1.199138 1.355750 -2.192199
v -1.199065 1.757389 -1.885573
v -2.162457 0.901957 -2.414287
v -1.197816 1.599914 2.221275
v -1.197945 2.002506 1.866458
v -2.160995 1.135786 2.491022
v -1.197712 1.135836 2.490731
v -2.160391 -2.175037 -0.353235
v -2.304018 0.951783 2.087618
v -2.303951 0.526297 2.233217
v -1.586507 0.096217 2.735943
v -1.586507 0.096217 2.735943
v -1.055933 2.345227 -1.069540
v -2.304609 2.544134 0.414050
v -2.162246 2.091442 -1.506192
v -2.162126 2.345168 -1.069207
v -2.247985 -0.458559 -0.426890
v -2.247951 -0.533109 -0.329240
v -1.055195 2.192238 1.355823
v -1.054761 0.591445 2.508895
v -1.197700 -1.866435 2.002627
v -1.197801 -2.221251 1.600035
v -1.198108 2.192230 1.355866
v -2.161031 1.069478 2.345628
v -1.197925 -2.490708 1.135957
v -1.198072 -2.664450 0.628227
v -1.198227 -2.735801 0.096359
v -2.304588 -2.264400 -0.367719
v -2.304727 -2.149074 -0.802387
v -2.304858 -1.951164 -1.206205
v -2.304979 -1.678278 -1.563652
v -2.303910 0.080583 2.293010
v -2.303899 -0.368232 2.264700
v -2.303904 -0.802901 2.149374
v -2.305087 -1.340899 -1.860994
v -1.197614 -0.413689 2.544314
v -2.160905 -0.902148 2.415021
v -2.160892 -0.413739 2.544604
v -1.054712 -0.902090 2.414688
v -2.303868 -1.355899 2.192686
v -2.161694 2.544142 0.414006
v -2.161539 2.414558 0.902414
v -1.771981 -1.439924 2.328436
v -1.771981 -1.439924 2.328436
v -1.587169 2.564284 0.958164
v -1.587169 2.564284 0.958164
v -1.055916 -1.885695 -1.757402
v -1.056038 -1.506605 -2.091506
v -2.305151 -1.506670 -2.091130
v -2.305251 -1.069682 -2.344857
v -1.198985 -1.600011 -2.221128
v -2.161825 -2.414757 -0.901686
v -2.161973 -2.192379 -1.355429
v -2.162109 -1.885753 -1.757069
v -1.987113 1.540444 1.436054
v -2.160957 0.591387 2.509228
v -2.160911 0.090566 2.576414
v -2.160917 0.628056 2.664764
v -1.197631 0.628107 2.664474
v -2.160867 0.096187 2.736116
v -1.988055 1.098233 -1.775634
v -1.987827 1.913049 -0.872197
v -1.773579 -0.096365 -2.735503
v -1.773579 -0.096365 -2.735503
v -2.304454 2.414551 0.902457
v -2.247775 -0.570303 0.260435
v -2.247745 -0.508615 0.366679
v -2.161694 2.701872 0.439650
v -1.987697 -1.743574 -1.077945
v -1.987804 -1.501146 -1.398677
v -1.987902 -1.201138 -1.667075
v -1.056138 -1.069617 -2.345233
v -2.305322 -0.591592 -2.508458
v -2.162462 1.439752 -2.327818
v -1.199177 1.439802 -2.328108
v -1.198834 -1.885703 -1.757359
v -2.162236 -1.506663 -2.091173
v -1.199091 -1.135933 -2.490584
v -2.161674 -2.702071 -0.438920
v -2.304155 -2.345373 1.069982
v -2.304290 -2.508974 0.591893
v -1.055176 -2.508907 0.591516
v -1.197739 -1.757483 1.885727
v -1.197838 -2.091586 1.506636
v -2.303939 -1.757541 1.886061
v -2.304036 -2.091646 1.506969
v -2.160845 -0.439382 2.702334
v -2.162469 0.413549 -2.543872
v -1.198411 2.701922 0.439360
v -2.164208 -1.334371 0.334600
v -2.164208 -1.334371 0.334600
v -2.305290 0.802695 -2.148555
v -2.305374 0.901950 -2.414246
v -2.162385 1.866291 -2.002182
v -1.199103 1.866341 -2.002474
v -1.986933 -1.407295 1.510168
v -1.986874 0.480188 2.037460
v -2.247844 0.586968 0.219705
v -2.247877 -0.618680 -0.100176
v -2.247916 -0.587175 -0.218923
v -2.247880 0.618473 0.100960
v -2.247804 -0.610080 0.144198
v -2.247842 -0.626414 0.022435
v -2.247693 0.021940 0.626702
v -2.247688 -0.100671 0.618967
v -2.247703 0.143703 0.610367
v -2.248059 -0.143910 -0.609584
v -2.248040 -0.260147 -0.569809
v -2.248071 0.100466 -0.618185
v -2.248066 -0.022147 -0.625919
v -2.164772 0.220764 -1.358097
v -2.164761 -0.048508 -1.375083
v -2.164364 -1.358565 -0.220492
v -2.164289 -1.375550 0.048775
v -2.248013 -0.366391 -0.508121
v -2.247704 -0.329735 0.533396
v -2.247694 -0.219417 0.587462
v -2.247722 0.259941 0.570591
v -2.247746 0.366185 0.508903
v -2.248066 0.219212 -0.586679
v -2.164388 1.358366 0.221225
v -2.164463 1.375351 -0.048042
v -2.247720 -0.427385 0.458847
v -2.164734 -0.334334 -1.333905
v -2.164734 -0.334334 -1.333905
v -1.987225 1.793106 1.109280
v -2.080393 -0.531001 1.689785
v -1.987345 1.976323 0.738643
v 2.080863 1.689353 0.531238
v 2.164305 1.281600 0.499611
v 2.164305 1.281600 0.499611
v 2.248060 0.329530 -0.532612
v 2.248039 0.427179 -0.458063
v 2.247808 0.532902 0.330023
v 2.247777 0.458352 0.427672
v 1.987106 -1.870013 0.853121
v 1.987214 -1.997564 0.471231
v 1.988001 1.427449 -1.531379
v 1.987921 1.702791 -1.226308
v 2.160340 2.119453 0.562722
v 2.160340 2.119453 0.562722
v 1.987402 2.034142 0.557961
v 1.987402 2.034142 0.557961
v 2.163978 -0.220957 1.358830
v 2.163991 0.048311 1.375815
v 1.986936 0.870369 1.908997
v 1.987011 1.228635 1.706111
v 2.160599 2.173317 -0.291200
v 2.160599 2.173317 -0.291200
v 1.987661 2.086257 -0.297395
v 1.987661 2.086257 -0.297395
v 2.160536 2.202034 -0.077138
v 2.159739 0.077407 2.202495
v 2.159757 0.291469 2.173778
v 2.159757 0.291469 2.173778
v 2.160405 2.174840 0.353965
v 2.159725 -0.353698 2.175302
v 1.987718 2.049488 -0.483429
v 2.164541 1.334173 -0.333867
v 2.164541 1.334173 -0.333867
v 2.081115 1.742672 -0.314058
v 2.080746 -1.742864 0.314735
v 1.987267 -2.029004 0.300817
v 1.987267 -2.029004 0.300817
v 2.160195 -2.173514 0.291931
v 2.160195 -2.173514 0.291931
v 2.160260 -2.202231 0.077868
v 1.987982 -0.854412 -1.872948
v 1.988045 -0.473617 -2.008255
v 2.081439 -0.314498 -1.742424
v 1.988063 -0.299899 -2.042966
v 1.988063 -0.299899 -2.042966
v 2.161038 -0.291664 -2.173047
v 2.161038 -0.291664 -2.173047
v 2.080422 0.314312 1.743107
v 2.164015 0.334135 1.334638
v 2.164015 0.334135 1.334638
v 2.161068 0.562266 -2.119183
v 2.161068 0.562266 -2.119183
v 2.164764 0.499146 -1.281331
v 2.164764 0.499146 -1.281331
v 1.199219 -0.096334 -2.735676
v 1.199169 -0.628203 -2.664326
v 2.162272 -1.600061 -2.220835
v 2.162374 -1.135984 -2.490292
v 2.161835 -2.564452 -0.957608
v 2.161995 -2.328288 -1.439480
v 1.198552 -2.564401 -0.957898
v 1.198389 -2.702018 -0.439209
v 2.161355 -2.664504 0.628517
v 2.161510 -2.735854 0.096649
v 2.161084 -2.221302 1.600325
v 2.161212 -2.490760 1.136247
v 1.197579 -0.958020 2.564425
v 1.197562 -0.439332 2.702044
v 1.197582 0.096237 2.735826
v 2.161227 2.002456 1.866748
v 2.161101 1.599864 2.221564
v 1.198090 2.328141 1.439918
v 1.198246 2.564304 0.958046
v 2.161529 2.564254 0.958336
v 2.161373 2.328090 1.440208
v 1.198574 2.735704 -0.096208
v 1.198731 2.664354 -0.628075
v 2.162013 2.664303 -0.627786
v 2.161859 2.735654 -0.095919
v 1.199222 0.957931 -2.564275
v 1.199241 0.439244 -2.701893
v 2.162519 0.439193 -2.701601
v 2.162509 0.957880 -2.563982
v 1.199175 -0.090714 -2.575976
v 1.199129 -0.591534 -2.508790
v 2.162407 -0.591585 -2.508499
v 2.162456 -0.090765 -2.575685
v 1.198698 -2.192327 -1.355719
v 1.198545 -2.414705 -0.901975
v 2.161518 -2.576151 0.091028
v 2.161672 -2.544341 -0.413277
v 1.198092 -2.508914 0.591559
v 1.197960 -2.345313 1.069649
v 2.161118 -2.091638 1.506926
v 2.161238 -2.345366 1.069939
v 2.160948 -1.355892 2.192642
v 2.161021 -1.757533 1.886017
v 1.197670 -1.355841 2.192353
v 1.197627 -0.902098 2.414731
v 1.197633 0.090617 2.576124
v 1.197679 0.591438 2.508938
v 1.197750 1.069528 2.345338
v 1.197850 1.506515 2.091610
v 1.197972 1.885605 1.757506
v 2.161255 1.885555 1.757796
v 2.161133 1.506465 2.091900
v 2.161388 2.192180 1.356156
v 1.198258 2.414608 0.902124
v 1.198413 2.544192 0.413717
v 1.198563 2.576002 -0.090588
v 1.198716 2.508817 -0.591407
v 2.161992 2.508766 -0.591117
v 2.161846 2.575952 -0.090298
v 1.198848 2.345218 -1.069496
v 1.198965 2.091492 -1.506482
v 2.162413 1.355699 -2.191907
v 2.162343 1.757339 -1.885281
v 2.304891 -2.192386 -1.355385
v 2.305027 -1.885761 -1.757026
v 1.055477 -2.544283 -0.413610
v 1.055323 -2.576093 0.090694
v 2.304436 -2.576159 0.091072
v 2.304590 -2.544349 -0.413233
v 1.055042 -2.345306 1.069605
v 1.054922 -2.091579 1.506593
v 1.054826 -1.757476 1.885683
v 1.054755 -1.355834 2.192310
v 2.303812 -0.413746 2.544647
v 2.303823 -0.902155 2.415064
v 1.054699 -0.413681 2.544271
v 1.054718 0.090624 2.576080
v 2.303874 0.591380 2.509271
v 2.303828 0.090559 2.576457
v 1.054835 1.069536 2.345295
v 1.054937 1.506522 2.091568
v 2.304051 1.506457 2.091944
v 2.303948 1.069471 2.345672
v 1.055059 1.885613 1.757463
v 2.304308 2.192173 1.356200
v 2.304172 1.885548 1.757840
v 1.055343 2.414617 0.902080
v 1.055498 2.544199 0.413673
v 1.055650 2.576010 -0.090631
v 1.055796 2.508825 -0.591450
v 2.304909 2.508760 -0.591073
v 2.304761 2.575945 -0.090254
v 2.305333 1.355692 -2.191866
v 2.305258 1.757332 -1.885241
v 1.056261 0.902015 -2.414622
v 1.056274 0.413607 -2.544207
v 2.305371 -0.090771 -2.575642
v 2.305387 0.413543 -2.543830
v 2.305175 -0.951995 -2.086802
v 2.305244 -0.526510 -2.232401
v 2.304095 -1.861509 1.341200
v 2.304202 -2.087318 0.952295
v 2.304215 1.678066 1.564466
v 2.304107 1.340687 1.861808
v 2.304336 1.950952 1.207020
v 2.304742 2.292497 -0.080278
v 2.304606 2.264187 0.368536
v 2.304872 2.232705 -0.525991
v 2.305249 1.206511 -1.950646
v 2.305186 1.563957 -1.677758
v 2.305285 -0.080795 -2.292193
v 2.305298 0.368027 -2.263883
v 1.740760 2.948282 1.248829
v 1.740760 2.948282 1.248829
v 1.772606 2.564274 0.958219
v 1.772606 2.564274 0.958219
v 1.588094 -0.628224 -2.664209
v 1.588094 -0.628224 -2.664209
v 1.773529 -0.628234 -2.664153
v 1.773529 -0.628234 -2.664153
v 1.587912 -1.600031 -2.221009
v 1.587912 -1.600031 -2.221009
v 1.773345 -1.600040 -2.220954
v 1.773345 -1.600040 -2.220954
v 1.587635 -2.328258 -1.439653
v 1.587635 -2.328258 -1.439653
v 1.773070 -2.328267 -1.439598
v 1.773070 -2.328267 -1.439598
v 1.587314 -2.702039 -0.439092
v 1.587314 -2.702039 -0.439092
v 1.772749 -2.702050 -0.439037
v 1.772749 -2.702050 -0.439037
v 1.618587 -2.967763 1.202119
v 1.618587 -2.967763 1.202119
v 1.586852 -2.490730 1.136075
v 1.586852 -2.490730 1.136075
v 1.586995 -2.664472 0.628345
v 1.586995 -2.664472 0.628345
v 1.772432 -2.664481 0.628400
v 1.772432 -2.664481 0.628400
v 1.772285 -2.490738 1.136130
v 1.772285 -2.490738 1.136130
v 1.586724 -2.221272 1.600153
v 1.586724 -2.221272 1.600153
v 1.772159 -2.221281 1.600208
v 1.772159 -2.221281 1.600208
v 1.741935 1.248522 -2.948116
v 1.741935 1.248522 -2.948116
v 1.773582 0.957901 -2.564100
v 1.773582 0.957901 -2.564100
v 1.586489 -0.439353 2.702160
v 1.586489 -0.439353 2.702160
v 1.771922 -0.439362 2.702216
v 1.771922 -0.439362 2.702216
v 1.586640 1.135816 2.490848
v 1.586640 1.135816 2.490848
v 1.772072 1.135806 2.490904
v 1.772072 1.135806 2.490904
v 1.587016 2.328120 1.440035
v 1.587016 2.328120 1.440035
v 1.772450 2.328110 1.440091
v 1.772450 2.328110 1.440091
v 1.587925 2.221137 -1.599764
v 1.587925 2.221137 -1.599764
v 1.773360 2.221127 -1.599708
v 1.773360 2.221127 -1.599708
v 1.619624 2.967623 -1.201711
v 1.619624 2.967623 -1.201711
v 1.587801 2.490591 -1.135687
v 1.587801 2.490591 -1.135687
v 1.588102 1.439782 -2.327992
v 1.588102 1.439782 -2.327992
v 1.773537 1.439772 -2.327936
v 1.773537 1.439772 -2.327936
v 1.588159 0.439224 -2.701775
v 1.588159 0.439224 -2.701775
v 1.773596 0.439214 -2.701721
v 1.773596 0.439214 -2.701721
v 1.588014 -1.135954 -2.490467
v 1.588014 -1.135954 -2.490467
v 1.773449 -1.135963 -2.490410
v 1.773449 -1.135963 -2.490410
v 1.587781 -2.002621 -1.866194
v 1.587781 -2.002621 -1.866194
v 1.773218 -2.002631 -1.866138
v 1.773218 -2.002631 -1.866138
v 1.587480 -2.564423 -0.957780
v 1.587480 -2.564423 -0.957780
v 1.586625 -1.866455 2.002745
v 1.586625 -1.866455 2.002745
v 1.586546 -1.439915 2.328380
v 1.586546 -1.439915 2.328380
v 1.586504 -0.958041 2.564543
v 1.586504 -0.958041 2.564543
v 1.586741 1.599894 2.221392
v 1.586741 1.599894 2.221392
v 1.586867 2.002486 1.866575
v 1.586867 2.002486 1.866575
v 1.772176 1.599884 2.221448
v 1.772176 1.599884 2.221448
v 1.772305 2.002475 1.866631
v 1.772305 2.002475 1.866631
v 1.587339 2.701901 0.439477
v 1.587339 2.701901 0.439477
v 1.587499 2.735684 -0.096091
v 1.587499 2.735684 -0.096091
v 1.772771 2.701891 0.439533
v 1.772771 2.701891 0.439533
v 1.772934 2.735674 -0.096035
v 1.772934 2.735674 -0.096035
v 1.620072 0.025190 -3.201540
v 1.620072 0.025190 -3.201540
v 1.741947 0.025183 -3.201505
v 1.741947 0.025183 -3.201505
v 1.619987 -0.868289 -3.081680
v 1.619987 -0.868289 -3.081680
v 1.741862 -0.868296 -3.081645
v 1.741862 -0.868296 -3.081645
v 1.619935 -1.201990 -2.967488
v 1.619935 -1.201990 -2.967488
v 1.741810 -1.201997 -2.967454
v 1.741810 -1.201997 -2.967454
v 1.619758 -1.981584 -2.514833
v 1.619758 -1.981584 -2.514833
v 1.741633 -1.981591 -2.514799
v 1.741633 -1.981591 -2.514799
v 1.619671 -2.246185 -2.281633
v 1.619671 -2.246185 -2.281633
v 1.741549 -2.246192 -2.281599
v 1.741549 -2.246192 -2.281599
v 1.619429 -2.793214 -1.565097
v 1.619429 -2.793214 -1.565097
v 1.741303 -2.793221 -1.565061
v 1.741303 -2.793221 -1.565061
v 1.619326 -2.948431 -1.248391
v 1.619326 -2.948431 -1.248391
v 1.741203 -2.948438 -1.248354
v 1.741203 -2.948438 -1.248354
v 1.619051 -3.179613 -0.377056
v 1.619051 -3.179613 -0.377056
v 1.740924 -3.179620 -0.377020
v 1.740924 -3.179620 -0.377020
v 1.618942 -3.201816 -0.025058
v 1.618942 -3.201816 -0.025058
v 1.740820 -3.201823 -0.025022
v 1.740820 -3.201823 -0.025022
v 1.618678 -3.081954 0.868419
v 1.618678 -3.081954 0.868419
v 1.740553 -3.081961 0.868455
v 1.740553 -3.081961 0.868455
v 1.740461 -2.967770 1.202155
v 1.740461 -2.967770 1.202155
v 1.618372 -2.515108 1.981714
v 1.618372 -2.515108 1.981714
v 1.740251 -2.515115 1.981751
v 1.740251 -2.515115 1.981751
v 1.618308 -2.281906 2.246314
v 1.618308 -2.281906 2.246314
v 1.740183 -2.281913 2.246351
v 1.740183 -2.281913 2.246351
v 1.618178 -1.565370 2.793343
v 1.618178 -1.565370 2.793343
v 1.740055 -1.565376 2.793380
v 1.740055 -1.565376 2.793380
v 1.618151 -1.248662 2.948559
v 1.618151 -1.248662 2.948559
v 1.740028 -1.248668 2.948596
v 1.740028 -1.248668 2.948596
v 1.618128 -0.377328 3.179741
v 1.618128 -0.377328 3.179741
v 1.740003 -0.377334 3.179777
v 1.740003 -0.377334 3.179777
v 1.618138 -0.025329 3.201943
v 1.618138 -0.025329 3.201943
v 1.740016 -0.025336 3.201980
v 1.740016 -0.025336 3.201980
v 1.618219 0.868148 3.082081
v 1.618219 0.868148 3.082081
v 1.740099 0.868142 3.082119
v 1.740099 0.868142 3.082119
v 1.618273 1.201849 2.967891
v 1.618273 1.201849 2.967891
v 1.740150 1.201843 2.967927
v 1.740150 1.201843 2.967927
v 1.618451 1.981445 2.515234
v 1.618451 1.981445 2.515234
v 1.740328 1.981438 2.515271
v 1.740328 1.981438 2.515271
v 1.618535 2.246045 2.282034
v 1.618535 2.246045 2.282034
v 1.740414 2.246038 2.282072
v 1.740414 2.246038 2.282072
v 1.618782 2.793072 1.565498
v 1.618782 2.793072 1.565498
v 1.740657 2.793066 1.565535
v 1.740657 2.793066 1.565535
v 1.618883 2.948288 1.248792
v 1.618883 2.948288 1.248792
v 1.619157 3.179470 0.377460
v 1.619157 3.179470 0.377460
v 1.741034 3.179463 0.377498
v 1.741034 3.179463 0.377498
v 1.619266 3.201673 0.025464
v 1.619266 3.201673 0.025464
v 1.741143 3.201667 0.025500
v 1.741143 3.201667 0.025500
v 1.619530 3.081814 -0.868011
v 1.619530 3.081814 -0.868011
v 1.741403 3.081807 -0.867975
v 1.741403 3.081807 -0.867975
v 1.741499 2.967617 -1.201674
v 1.741499 2.967617 -1.201674
v 1.619835 2.514970 -1.981305
v 1.619835 2.514970 -1.981305
v 1.741709 2.514963 -1.981269
v 1.741709 2.514963 -1.981269
v 1.619902 2.281770 -2.245906
v 1.619902 2.281770 -2.245906
v 1.741777 2.281764 -2.245869
v 1.741777 2.281764 -2.245869
v 1.620028 1.565235 -2.792935
v 1.620028 1.565235 -2.792935
v 1.741908 1.565229 -2.792899
v 1.741908 1.565229 -2.792899
v 1.620060 1.248529 -2.948151
v 1.620060 1.248529 -2.948151
v 1.620083 0.377195 -3.179337
v 1.620083 0.377195 -3.179337
v 1.741958 0.377188 -3.179301
v 1.741958 0.377188 -3.179301
v 1.772912 -2.564431 -0.957725
v 1.772912 -2.564431 -0.957725
v 1.587654 2.664333 -0.627958
v 1.587654 2.664333 -0.627958
v 1.586557 0.628086 2.664591
v 1.586557 0.628086 2.664591
v 1.587152 -2.735822 0.096477
v 1.587152 -2.735822 0.096477
v 1.588142 -0.096355 -2.735559
v 1.588142 -0.096355 -2.735559
v 1.771939 0.096207 2.735999
v 1.771939 0.096207 2.735999
v 1.772060 -1.866464 2.002800
v 1.772060 -1.866464 2.002800
v 1.987525 -1.972022 -0.552514
v 1.987525 -1.972022 -0.552514
v 1.987581 -1.919668 -0.716837
v 2.081000 -1.689542 -0.530555
v 2.160457 -2.119650 -0.561992
v 2.160457 -2.119650 -0.561992
v 1.988095 0.555186 -2.003061
v 1.988095 0.555186 -2.003061
v 1.988089 0.728576 -1.950234
v 2.081469 0.530810 -1.689101
v 1.986830 -0.555185 2.001455
v 1.986830 -0.555185 2.001455
v 1.986841 -0.726263 1.944192
v 1.986856 0.298387 2.071000
v 1.986856 0.298387 2.071000
v 2.247922 0.626207 -0.021651
v 2.247958 0.609873 -0.143414
v 2.303945 -1.206719 1.951465
v 2.304005 -1.564167 1.678578
v 2.304320 -2.232917 0.526810
v 2.304454 -2.292711 0.081096
v 2.160864 -0.958070 2.564715
v 2.160906 -1.439944 2.328552
v 1.197621 -1.439894 2.328263
v 2.160983 -1.866485 2.002917
v 1.056260 -0.090706 -2.576019
v 1.056214 -0.591526 -2.508832
v 2.305099 1.861298 -1.340379
v 2.304997 2.087106 -0.951475
v 2.304471 2.148862 0.803203
v 1.772587 -2.735833 0.096532
v 1.772587 -2.735833 0.096532
v 1.588026 1.866321 -2.002357
v 1.588026 1.866321 -2.002357
v 1.773091 2.664324 -0.627902
v 1.773091 2.664324 -0.627902
v 1.773233 2.490582 -1.135630
v 1.773233 2.490582 -1.135630
v 2.162285 2.221106 -1.599591
v 2.162156 2.490562 -1.135514
v 1.198874 2.490612 -1.135803
v 1.199000 2.221158 -1.599881
v 1.771991 0.628076 2.664647
v 1.771991 0.628076 2.664647
v 1.771939 -0.958050 2.564599
v 1.771939 -0.958050 2.564599
v 2.248019 0.508410 -0.365895
v 2.247989 0.570097 -0.259651
v 1.986874 -1.088512 1.760257
v 1.987010 -1.670957 1.203821
v 2.164447 -1.281798 -0.498878
v 2.164447 -1.281798 -0.498878
v 2.162141 -2.002653 -1.866020
v 1.198858 -2.002602 -1.866310
v 1.198713 -2.328237 -1.439770
v 2.161370 -2.508965 0.591849
v 1.198240 -2.576100 0.090738
v 1.198392 -2.544290 -0.413566
v 2.304745 -2.414763 -0.901641
v 1.055778 -2.192320 -1.355763
v 1.055630 -2.414698 -0.902019
v 2.162452 -0.628254 -2.664035
v 2.162502 -0.096385 -2.735385
v 2.161074 0.353508 -2.174570
v 2.161057 -0.077602 -2.201763
v 2.163986 -0.499344 1.282064
v 2.163986 -0.499344 1.282064
v 2.159729 -0.562455 2.119915
v 2.159729 -0.562455 2.119915
v 1.199050 -1.069625 -2.345190
v 1.198953 -1.506612 -2.091463
v 2.162333 -1.069675 -2.344898
v 1.588149 0.957910 -2.564156
v 1.588149 0.957910 -2.564156
v 1.773463 1.866311 -2.002301
v 1.773463 1.866311 -2.002301
v 1.056147 1.757398 -1.885616
v 1.056220 1.355758 -2.192241
v 1.056050 2.091500 -1.506526
v 2.305161 2.091435 -1.506149
v 2.305046 2.345161 -1.069164
v 1.199181 0.902008 -2.414577
v 1.199194 0.413600 -2.544164
v 1.199137 1.355750 -2.192199
v 1.199065 1.757389 -1.885573
v 2.162456 0.901957 -2.414287
v 1.197816 1.599914 2.221275
v 1.197945 2.002506 1.866458
v 2.160995 1.135785 2.491022
v 1.197712 1.135836 2.490732
v 2.160391 -2.175037 -0.353235
v 2.304019 0.951783 2.087618
v 2.303950 0.526297 2.233217
v 1.586507 0.096217 2.735943
v 1.586507 0.096217 2.735943
v 1.055933 2.345227 -1.069540
v 2.304609 2.544134 0.414050
v 2.162246 2.091441 -1.506192
v 2.162126 2.345168 -1.069206
v 2.247985 -0.458559 -0.426890
v 2.247951 -0.533109 -0.329240
v 1.055195 2.192239 1.355823
v 1.054761 0.591445 2.508894
v 1.197700 -1.866434 2.002627
v 1.197801 -2.221251 1.600035
v 1.198108 2.192230 1.355866
v 2.161031 1.069478 2.345628
v 1.197925 -2.490707 1.135957
v 1.198072 -2.664450 0.628227
v 1.198227 -2.735800 0.096359
v 2.304588 -2.264400 -0.367719
v 2.304727 -2.149074 -0.802387
v 2.304858 -1.951164 -1.206205
v 2.304979 -1.678278 -1.563652
v 2.303910 0.080583 2.293010
v 2.303899 -0.368232 2.264700
v 2.303905 -0.802900 2.149374
v 2.305087 -1.340899 -1.860994
v 1.197614 -0.413689 2.544314
v 2.160905 -0.902148 2.415020
v 2.160892 -0.413739 2.544603
v 1.054712 -0.902090 2.414687
v 2.303868 -1.355900 2.192686
v 2.161694 2.544142 0.414006
v 2.161538 2.414558 0.902413
v 1.771981 -1.439924 2.328436
v 1.771981 -1.439924 2.328436
v 1.587169 2.564284 0.958164
v 1.587169 2.564284 0.958164
v 1.055916 -1.885695 -1.757402
v 1.056038 -1.506605 -2.091506
v 2.305151 -1.506670 -2.091130
v 2.305251 -1.069682 -2.344857
v 1.198985 -1.600011 -2.221127
v 2.161825 -2.414757 -0.901686
v 2.161973 -2.192378 -1.355429
v 2.162109 -1.885753 -1.757069
v 1.987113 1.540444 1.436054
v 2.160957 0.591387 2.509228
v 2.160911 0.090566 2.576414
v 2.160917 0.628056 2.664764
v 1.197631 0.628107 2.664474
v 2.160866 0.096187 2.736116
v 1.988055 1.098233 -1.775634
v 1.987827 1.913049 -0.872197
v 1.773579 -0.096365 -2.735503
v 1.773579 -0.096365 -2.735503
v 2.304454 2.414551 0.902457
v 2.247775 -0.570303 0.260435
v 2.247745 -0.508615 0.366679
v 2.161694 2.701871 0.439650
v 1.987697 -1.743574 -1.077945
v 1.987804 -1.501146 -1.398677
v 1.987902 -1.201138 -1.667075
v 1.056138 -1.069617 -2.345233
v 2.305322 -0.591592 -2.508458
v 2.162462 1.439752 -2.327818
v 1.199177 1.439802 -2.328108
v 1.198834 -1.885703 -1.757359
v 2.162236 -1.506663 -2.091172
v 1.199091 -1.135933 -2.490583
v 2.161674 -2.702071 -0.438920
v 2.304155 -2.345372 1.069982
v 2.304290 -2.508973 0.591893
v 1.055176 -2.508907 0.591516
v 1.197739 -1.757483 1.885727
v 1.197838 -2.091585 1.506636
v 2.303939 -1.757541 1.886060
v 2.304036 -2.091646 1.506969
v 2.160845 -0.439382 2.702334
v 2.162469 0.413549 -2.543872
v 1.198411 2.701921 0.439360
v 2.164209 -1.334371 0.334600
v 2.164209 -1.334371 0.334600
v 2.305290 0.802695 -2.148555
v 2.305374 0.901950 -2.414246
v 2.162385 1.866291 -2.002182
v 1.199103 1.866341 -2.002473
v 1.986933 -1.407295 1.510167
v 1.986874 0.480188 2.037459
v 2.247844 0.586968 0.219705
v 2.247877 -0.618680 -0.100176
v 2.247916 -0.587174 -0.218923
v 2.247880 0.618473 0.100960
v 2.247804 -0.610080 0.144198
v 2.247842 -0.626414 0.022435
v 2.247693 0.021940 0.626702
v 2.247688 -0.100671 0.618967
v 2.247703 0.143703 0.610367
v 2.248059 -0.143910 -0.609584
v 2.248040 -0.260147 -0.569809
v 2.248071 0.100466 -0.618185
v 2.248067 -0.022147 -0.625919
v 2.164772 0.220764 -1.358097
v 2.164761 -0.048508 -1.375083
v 2.164364 -1.358565 -0.220492
v 2.164289 -1.375549 0.048775
v 2.248013 -0.366391 -0.508121
v 2.247704 -0.329735 0.533396
v 2.247694 -0.219417 0.587462
v 2.247722 0.259941 0.570591
v 2.247746 0.366185 0.508903
v 2.248066 0.219212 -0.586679
v 2.164388 1.358366 0.221225
v 2.164463 1.375351 -0.048042
v 2.247720 -0.427385 0.458847
v 2.164735 -0.334334 -1.333905
v 2.164735 -0.334334 -1.333905
v 1.987225 1.793106 1.109279
v 2.080393 -0.531001 1.689784
v 1.987345 1.976323 0.738643
usemtl Wheels.000
s 1
f 2 3 4 1
f 1155 1152 1714
f 53 52 73 74
f 79 78 111 110
f 89 5 88
f 1111 141 1112
f 162 163 160 161
f 415 416 192 190
f 437 439 214 212
f 447 448 224 222
f 1312 460 236 234
f 1179 278 277 1180
f 221 285 287 223
f 196 260 258 194
f 1164 237 239 175
f 1187 288 286 1188
f 275 339 341 276
f 1219 349 351 1220
f 282 346 347 283
f 253 318 316 252
f 296 359 358 294
f 1221 352 350 1222
f 280 344 342 1214
f 302 365 396 364
f 1256 394 393 1257
f 1254 390 1269 1255
f 1248 386 385 1249
f 418 482 483 1298
f 525 463 462 524
f 464 465 467 466
f 468 469 471 470
f 472 473 475 474
f 476 477 479 478
f 480 481 1296 1414
f 484 485 487 486
f 488 489 491 490
f 492 493 495 494
f 496 497 499 498
f 500 501 503 502
f 512 513 1330 514
f 508 509 511 510
f 516 517 519 518
f 520 521 523 1310
f 1314 1432 1434 1316
f 1306 1416 1418 1308
f 413 1402 1404 1294
f 405 1386 1388 404
f 1300 1410 1412 1302
f 1288 1394 1396 1290
f 401 1378 1380 400
f 504 505 507 1276
f 1268 534 533 1266
f 367 551 552 366
f 531 28 27 530
f 544 1120 37 538
f 389 1134 1138 388
f 1618 549 153 548 1619
f 551 159 158 552
f 109 1711 142 136
f 1177 205 431 429
f 1336 1312 234 232
f 270 333 335 271
f 1367 1462 1464 1370
f 1582 1329 1478 1482
f 175 239 241 1668
f 1676 376 375 321
f 48 49 66 67
f 251 315 317 1564
f 414 417 416 415
f 191 193 419 417
f 1172 256 1199 1173
f 252 316 314 250
f 1548 290 291 1549
f 555 30 1686 535
f 1182 219 444 443
f 204 268 266 201
f 446 1466 1463 1366
f 1334 1484 1486 456
f 177 1641 1284 403
f 455 457 1336 454
f 1673 325 327 1207
f 1566 371 1620 311
f 225 227 453 1332
f 1627 1238 1630 1205
f 1602 1436 1433 1315
f 1498 1440 1442 1550
f 1623 143 1575 529 379
f 1286 406 1560 1166
f 454 1336 232 1684
f 1621 537 542 368
f 165 552 158 1153
f 1504 433 1648 206
f 1215 340 338 1614
f 1615 1202 259 1612
f 1246 383 1600 1241
f 1679 1218 285 221
f 364 396 1682 1683
f 1570 238 299 1191
f 181 1666 1197 1562
f 1214 342 340 1215
f 183 186 410 409
f 43 125 126 149
f 75 74 106 107
f 1272 541 544 1273
f 153 547 146 548
f 543 26 25 537
f 1274 166 536 1275
f 529 169 30 555
f 395 546 541 1272
f 1506 1422 1420 1352
f 1359 1448 1450 1362
f 223 287 290 1548
f 203 267 1209 1178
f 1531 263 265 202
f 174 1165 1280 399
f 188 1200 1642 1168
f 410 1292 412 1494
f 1647 334 1237 1628
f 199 1176 426 424
f 1563 320 318 253
f 1552 1430 1428 1356
f 220 284 281 1183
f 1640 1262 1263 304
f 194 258 256 1172
f 1671 374 1528 1231
f 1169 248 246 182
f 247 312 313 249
f 445 447 222 1658
f 1208 329 331 1626
f 1304 420 1174 1175
f 1667 308 306 242
f 38 47 95 1121
f 115 116 63 64
f 189 191 417 414
f 1674 323 325 1673
f 250 314 1227 1643
f 1665 295 1589 1189
f 1180 277 274 210
f 332 380 1624 330
f 1319 1444 1441 1499
f 1193 301 303 1194
f 426 429 428 427
f 255 319 322 257
f 1320 1446 1445 435
f 1639 1625 1262 1640
f 227 229 455 453
f 1542 1472 1474 1544
f 1502 1374 1490 1339
f 1165 177 403 1280
f 205 207 432 431
f 1232 372 371 1566
f 452 454 1684 1546
f 1593 362 359 296
f 1540 1480 1476 1327
f 294 358 356 1605
f 249 313 315 251
f 202 265 267 203
f 450 452 1546 1547
f 197 261 263 1531
f 178 1579 240 176
f 1337 1487 522 459
f 1578 307 309 245
f 245 309 312 247
f 1609 1247 556
f 176 240 238 1570
f 208 273 269 1650
f 328 378 1526 1675
f 1649 1210 272 209
f 180 244 1579 178
f 377 535 545 1264
f 1654 1341 1492 1376
f 416 1304 1175 192
f 1278 445 1658 218
f 242 306 1663 1195
f 1712 110 44 45
f 1641 1561 407 1284
f 1605 356 354 1606
f 537 25 1661 542
f 1176 1177 429 426
f 368 542 551 367
f 438 1452 1449 1358
f 443 444 445 1278
f 1348 1287 1389 1392
f 105 104 41 61
f 1178 1209 1210 1649
f 425 427 1529 1530
f 1588 391 390 1254
f 1653 1377 1375 1503
f 1245 384 383 1246
f 54 77 108 148
f 1173 1199 1200 188
f 154 58 156 550
f 1633 1426 1431 1553
f 1577 305 307 1578
f 542 1661 159 551
f 125 124 69 50
f 1207 327 329 1208
f 420 423 198 1174
f 1644 1228 308 1667
f 398 1283 1569 173
f 526 1652 35 532
f 1264 545 531 1265
f 1313 1311 1488 458
f 219 1185 1368 444
f 1342 1382 1379 1281
f 211 1595 1361 436
f 186 187 1292 410
f 1617 254 1201 1616
f 311 1620 369 310
f 283 347 349 1219
f 449 1470 1473 1543
f 1683 1682 394 1256
f 1591 360 361 297
f 137 532 35 34
f 1368 1497 448 447
f 428 1504 206 1677
f 1643 1227 1228 1644
f 200 264 262 1532
f 1675 1526 376 1676
f 1299 1297 1411 1301
f 1265 531 530 1527
f 1170 1198 1565 1171
f 1594 1212 1213 213
f 407 409 408 406
f 1350 1398 1395 1289
f 1275 536 1160 546 395
f 1160 1514 1516 546
f 1564 317 319 255
f 1326 1477 1479 1328
f 1205 1630 326 1206
f 1371 1465 1468 1372
f 1344 1286 1166 1167
f 207 1597 1318 432
f 1346 1390 1387 1285
f 182 246 244 180
f 1249 385 384 1245
f 1650 269 268 204
f 1500 1406 1403 1293
f 541 39 1120 544
f 1590 363 301 1193
f 1273 544 538 392
f 1538 1295 1405 1408
f 1646 336 334 1647
f 419 421 420 1304
f 1631 348 345 1632
f 233 235 461 1580
f 1664 1225 1226 230
f 1231 1528 372 1232
f 226 289 288 1187
f 1619 548 543 370
f 1685 293 295 1665
f 1121 95 133 36
f 546 1516 39 541
f 1282 1381 1384 402
f 1611 199 424 1353
f 1189 1589 300 1190
f 1584 1586 556
f 321 375 374 1671
f 1545 1475 515 451
f 230 1226 292 228
f 408 1494 185 184
f 1628 1237 1238 1627
f 235 174 399 461
f 116 117 91 63
f 434 437 212 1596
f 1204 1670 320 1563
f 1364 1454 1453 1360
f 412 415 190 1669
f 538 37 1652 526
f 1267 540 528 1599
f 1556 171 113 29
f 1206 326 324 1203
f 1338 1491 1493 1340
f 1349 1393 1391 1347
f 1527 530 152 151 373
f 1612 259 261 197
f 1318 436 437 434
f 193 195 421 419
f 1532 262 260 196
f 1332 453 452 450
f 271 335 337 1211
f 535 1686 397 545
f 399 1280 1283 398
f 1562 1197 1198 1170
f 1539 1409 1407 1501
f 304 1263 365 302
f 460 398 173 236
f 187 189 414 1292
f 1606 354 352 1221
f 1536 526 532 1271
f 1317 1435 1438 430
f 1678 1261 362 1593
f 228 292 289 226
f 448 450 1547 224
f 1196 1260 1261 1678
f 1171 1565 254 1617
f 1291 1397 1400 411
f 1203 324 1670 1204
f 423 425 1530 198
f 392 538 526 1536
f 1241 1600 381 1242
f 1266 533 540 1267
f 1345 1385 1383 1343
f 1211 337 339 275
f 1191 299 298 1192
f 1626 331 333 270
f 1271 532 137 1134 389
f 1361 441 440 439
f 1604 1270 1537 1655
f 1505 1439 1437 1601
f 403 1284 1286 1344
f 1363 1451 1455 1365
f 1303 1413 1415 1305
f 229 231 457 455
f 1575 553 169 529
f 1353 424 425 423
f 1357 1429 1424 1354
f 1616 1201 1202 1615
f 209 272 1212 1594
f 1223 353 355 1224
f 1257 393 1535 1587
f 427 428 1677 1529
f 1190 300 237 1164
f 1581 1489 1485 1335
f 1222 350 348 1631
f 231 233 1580 457
f 366 552 165 166 1274
f 1194 303 305 1577
f 1549 291 293 1685
f 442 506 1460 1635
f 1283 1344 1167 1569
f 1525 555 535 377
f 431 432 433 1504
f 1355 1425 1427 1634
f 257 322 323 1674
f 179 243 1666 181
f 1188 286 284 220
f 1157 1136 554
f 422 1421 1417 1307
f 1622 138 143 1623
f 1255 1269 1270 1604
f 1333 1331 1471 1496
f 1614 338 336 1646
f 1242 381 380 332
f 406 408 184 1560
f 1561 183 409 407
f 210 274 273 208
f 1185 1186 1497 1368
f 1592 357 360 1591
f 379 529 555 1525
f 310 369 1625 1639
f 139 527 31 1521
f 1168 1642 248 1169
f 1495 1401 1399 1351
f 107 106 62 42
f 1599 528 527 382
f 1195 1663 1260 1196
f 548 146 26 543
f 545 397 28 531
f 433 434 1596 1648
f 195 1611 1353 421
f 1192 298 1225 1664
f 1583 1483 1481 1541
f 1668 241 243 179
f 1597 211 436 1318
f 1224 355 357 1592
f 370 543 537 1621
f 297 361 363 1590
f 373 151 549 1618
f 382 527 139 138 1622
f 1309 1419 1423 1507
f 201 266 264 200
f 1373 1469 1467 1369
f 1220 351 353 1223
f 1587 1535 391 1588
f 1494 412 1669 185
f 1551 1443 1447 1321
f 1580 461 460 1312
f 276 341 343 279
f 152 530 27 1145
f 330 1624 378 328
f 216 1217 1218 1679
f 1186 225 1332 1497
f 388 1138 1122 539 387
f 1322 1456 1458 1324
f 1595 1181 441 1361
f 1586 1603 556
f 440 1278 218 217
f 215 1613 1217 216
f 1512 1558 144
f 1325 1459 1277 1279
f 439 440 217 214
f 1534 1533 556
f 1181 1182 443 441
f 213 1213 1613 215
f 279 343 346 282
f 1183 281 1216 1184
f 1655 1537 386 1248
f 1632 345 344 280
f 89 88 52 53
f 57 134 112 80
f 1184 1216 278 1179
f 387 539 534 1268
f 1636 1461 1457 1323
f 1711 1113 1123 142
f 123 84 16 49
f 44 11 12 87
f 80 112 116 115
f 77 76 1689 108
f 131 1555 78 79
f 87 12 13 51
f 51 13 14 72
f 119 8 1554 93
f 120 122 40 68
f 112 18 117 116
f 118 7 8 119
f 1700 23 1698 1705 1607 1608 21 20 1693 19 1656 1657 1713 1706 17 1695 1694 1696 1708 1709 1117 1116 1688 1691 1523 1524 10 9 1115 1114 1710 1699
f 104 103 15 41
f 50 69 22 102
f 66 65 1707 96
f 93 1554 1555 131
f 60 59 1697 83
f 134 56 18 112
f 41 15 84 123
f 98 99 7 118
f 49 16 65 66
f 108 1689 1690 43
f 83 1697 122 120
f 63 91 1692 128
f 72 14 103 104
f 110 111 11 44
f 102 22 59 60
f 68 40 99 98
f 121 120 68 97
f 128 1692 76 77
f 43 1690 124 125
f 96 1707 56 134
f 101 102 60 163
f 118 81 1162 98
f 88 45 44 87
f 94 93 131 132
f 70 50 102 101
f 92 64 1680 130
f 62 61 85 86
f 106 105 61 62
f 46 119 93 94
f 73 72 104 105
f 83 160 163 60
f 51 52 88 87
f 155 161 160
f 114 115 64 92
f 135 6 55
f 136 1130 1141 109
f 79 135 132 131
f 126 125 50 70
f 154 1162 58
f 130 1680 1144
f 81 118 119 46
f 74 73 105 106
f 1142 1131 1143
f 150 1511 149
f 1508 1512 144
f 52 51 72 73
f 168 86 85
f 6 1132 1140 55
f 167 170 1520 1518
f 1122 33 1718 539
f 113 80 115 114
f 58 1162 81 82
f 1659 127 71 1660
f 90 89 53 1716
f 47 46 94 95
f 71 70 101 100
f 29 113 114 1557
f 1510 150 127 1659
f 1147 145 129
f 1124 5 89 90
f 534 32 1645 533
f 127 126 70 71
f 171 57 80 113
f 1680 64 63 128
f 24 100 162 1150
f 1557 114 92 1118
f 42 62 86 1687
f 1716 53 74 75
f 1687 86 168 1522
f 1660 71 100 24
f 1150 162 161 1151
f 133 132 135 55
f 155 157 1151 161
f 145 1147 147
f 100 101 163 162
f 1143 1131 1133
f 1517 140 164
f 1136 1157 1158
f 1144 1146 1119 130
f 150 149 126 127
f 95 94 132 133
f 1118 92 130 1119
f 36 133 55 1140
f 539 1718 32 534
f 528 1128 31 527
f 156 58 82 1651
f 540 1129 1128 528
f 1125 141 1111
f 1520 170 171 1556
f 1651 82 47 38
f 1515 140 1517
f 82 81 46 47
f 533 1645 1129 540
f 1511 150 1510 1509
f 134 57 1573 96
f 1717 1519 557
f 172 1717 557
f 167 1573 170
f 171 170 1573 57
f 123 85 61 41
f 1126 1139 1135 1127
f 110 1712 135 79
f 1152 1155 1154
f 1161 1571 1701 1163
f 1701 1571 1572 1702
f 1702 1572 1156 1715
f 98 1162 97 68
f 121 160 83 120
f 1703 1598 1149 1704
f 43 149 148 108
f 77 54 1680 128
f 1704 1149 1148 1681
f 1559 1513 1598 1703
f 1573 67 66 96
f 1126 1574 1576 1139
f 1127 1135 1137 1159
f 49 48 85 123
f 1240 1239 556
f 1230 1229 556
f 1637 1638 556
f 1533 1259 556
f 1585 1584 556
f 1567 1637 556
f 1662 1534 556
f 1235 1234 556
f 1638 1662 556
f 1236 1235 556
f 1603 1253 556
f 1233 1672 556
f 1253 1252 556
f 1239 1629 556
f 1244 1243 556
f 1568 1567 556
f 1250 1609 556
f 1629 1236 556
f 1229 1568 556
f 1610 1240 556
f 1672 1230 556
f 1234 1233 556
f 1247 1244 556
f 1258 1585 556
f 1251 1250 556
f 1243 1610 556
f 1259 1258 556
f 1252 1251 556
f 1763 2322 1760
f 606 627 626 605
f 632 663 664 631
f 642 641 558
f 1719 1720 694
f 715 714 713 716
f 968 743 745 969
f 990 765 767 992
f 1000 775 777 1001
f 1920 787 789 1013
f 1787 1788 830 831
f 774 776 840 838
f 749 747 811 813
f 1772 728 792 790
f 1795 1796 839 841
f 828 829 894 892
f 1827 1828 904 902
f 835 836 900 899
f 806 805 869 871
f 849 847 911 912
f 1829 1830 903 905
f 833 1822 895 897
f 855 917 949 918
f 1864 1865 946 947
f 1862 1863 1877 943
f 1856 1857 938 939
f 971 1906 1036 1035
f 1078 1077 1015 1016
f 1017 1019 1020 1018
f 1021 1023 1024 1022
f 1025 1027 1028 1026
f 1029 1031 1032 1030
f 1033 2022 1904 1034
f 1037 1039 1040 1038
f 1041 1043 1044 1042
f 1045 1047 1048 1046
f 1049 1051 1052 1050
f 1053 1055 1056 1054
f 1065 1067 1938 1066
f 1061 1063 1064 1062
f 1069 1071 1072 1070
f 1073 1918 1076 1074
f 1922 1924 2042 2040
f 1914 1916 2026 2024
f 966 1902 2012 2010
f 958 957 1996 1994
f 1908 1910 2020 2018
f 1896 1898 2004 2002
f 954 953 1988 1986
f 1057 1884 1060 1058
f 1876 1874 1086 1087
f 920 919 1105 1104
f 1084 1083 580 581
f 1097 1091 590 1728
f 942 941 1746 1742
f 2226 2227 1101 706 1102
f 1104 1105 711 712
f 662 689 695 2319
f 1785 982 984 758
f 1944 785 787 1920
f 823 824 888 886
f 1975 1978 2072 2070
f 2190 2090 2086 1937
f 728 2276 794 792
f 2284 874 928 929
f 601 620 619 602
f 804 2172 870 868
f 967 968 969 970
f 744 970 972 746
f 1780 1781 1807 809
f 805 803 867 869
f 2156 2157 844 843
f 1108 1088 2294 583
f 1790 996 997 772
f 757 754 819 821
f 999 1974 2071 2074
f 1942 1009 2094 2092
f 730 956 1892 2249
f 1008 1007 1944 1010
f 2281 1815 880 878
f 2174 864 2228 924
f 778 1940 1006 780
f 2235 1813 2238 1846
f 2210 1923 2041 2044
f 2106 2158 2050 2048
f 2231 932 1082 2183 696
f 1894 1774 2168 959
f 1007 2292 785 1944
f 2229 921 1095 1090
f 718 1761 711 1105
f 2112 759 2256 986
f 1823 2222 891 893
f 2223 2220 812 1810
f 1854 1849 2208 936
f 2287 774 838 1826
f 917 2291 2290 949
f 2178 1799 852 791
f 734 2170 1805 2274
f 1822 1823 893 895
f 736 962 963 739
f 596 702 679 678
f 628 660 659 627
f 1880 1881 1097 1094
f 706 1101 699 1100
f 1096 1090 578 579
f 1882 1883 1089 719
f 1082 1108 583 722
f 948 1880 1094 1099
f 2114 1960 2028 2030
f 1967 1970 2058 2056
f 776 2156 843 840
f 756 1786 1817 820
f 2139 755 818 816
f 727 952 1888 1773
f 741 1776 2250 1808
f 963 2102 965 1900
f 2255 2236 1845 887
f 752 977 979 1784
f 2171 806 871 873
f 2160 1964 2036 2038
f 773 1791 834 837
f 2248 857 1871 1870
f 747 1780 809 811
f 2279 1839 2136 927
f 1777 735 799 801
f 800 802 866 865
f 998 2266 775 1000
f 1816 2234 884 882
f 1912 1783 1782 973
f 2275 795 859 861
f 591 1729 648 600
f 668 617 616 669
f 742 967 970 744
f 2282 2281 878 876
f 803 2251 1835 867
f 2273 1797 2197 848
f 1788 763 827 830
f 885 883 2232 933
f 1927 2107 2049 2052
f 1801 1802 856 854
f 979 980 981 982
f 808 810 875 872
f 1928 988 2053 2054
f 2247 2248 1870 2233
f 780 1006 1008 782
f 2150 2152 2082 2080
f 2110 1947 2098 1982
f 1773 1888 956 730
f 758 984 985 760
f 1840 2174 924 925
f 1005 2154 2292 1007
f 2201 849 912 915
f 2148 1935 2084 2088
f 847 2213 909 911
f 802 804 868 866
f 755 756 820 818
f 1003 2155 2154 1005
f 750 2139 816 814
f 731 729 793 2187
f 1945 1012 1075 2095
f 2186 798 862 860
f 798 800 865 862
f 2217 1109 1855
f 729 2178 791 793
f 761 2258 822 826
f 881 2283 2134 931
f 2257 762 825 1818
f 733 731 2187 797
f 930 1872 1098 1088
f 2262 1984 2100 1949
f 969 745 1783 1912
f 1886 771 2266 998
f 795 1803 2271 859
f 2320 598 597 663
f 2249 1892 960 2169
f 2213 2214 907 909
f 1090 1095 2269 578
f 1784 979 982 1785
f 921 920 1104 1095
f 991 1966 2057 2060
f 996 1886 998 997
f 1956 2000 1997 1895
f 658 614 594 657
f 1786 2257 1818 1817
f 978 2138 2137 980
f 2196 1862 943 944
f 2261 2111 1983 1985
f 1853 1854 936 937
f 607 701 661 630
f 1781 741 1808 1807
f 707 1103 709 611
f 2241 2161 2039 2034
f 2185 2186 860 858
f 1095 1104 712 2269
f 678 603 622 677
f 1815 1816 882 880
f 973 1782 751 976
f 2252 2275 861 1836
f 951 726 2177 1891
f 1079 1085 588 2260
f 1872 1873 1084 1098
f 1921 1011 2096 1919
f 772 997 1976 1793
f 1950 1889 1987 1990
f 764 989 1969 2203
f 739 963 1900 740
f 2225 2224 1809 807
f 864 863 922 2228
f 836 1827 902 900
f 1002 2151 2081 2078
f 2291 1864 947 2290
f 2199 850 914 913
f 690 587 588 1085
f 1976 1000 1001 2105
f 981 2285 759 2112
f 2251 2252 1836 1835
f 753 2140 815 817
f 2283 2284 929 2134
f 1907 1909 2019 1905
f 1873 2135 1083 1084
f 1778 1779 2173 1806
f 2202 766 1821 1820
f 960 959 961 962
f 1958 1897 2003 2006
f 1883 948 1099 1768 1089
f 1768 1099 2124 2122
f 2172 808 872 870
f 1934 1936 2087 2085
f 1813 1814 879 2238
f 1979 1980 2076 2073
f 1952 1775 1774 1894
f 760 985 1926 2205
f 1954 1893 1995 1998
f 735 733 797 799
f 1857 1853 937 938
f 2258 757 821 822
f 2108 1901 2011 2014
f 1094 1097 1728 592
f 2198 1801 854 916
f 1881 945 1091 1097
f 2146 2016 2013 1903
f 2254 2255 887 889
f 972 1912 973 974
f 2239 2240 898 901
f 786 2188 1014 788
f 2272 783 1834 1833
f 1839 1840 925 2136
f 779 1795 841 842
f 2227 923 1096 1101
f 2293 2273 848 846
f 1729 589 686 648
f 1099 1094 592 2124
f 1890 955 1992 1989
f 2219 1961 977 752
f 1797 1798 853 2197
f 2192 1109 2194
f 874 2279 927 928
f 2153 1004 1068 2083
f 783 781 845 1834
f 961 737 738 2102
f 2236 2235 1846 1845
f 788 1014 952 727
f 669 616 644 670
f 987 2204 765 990
f 1812 2171 873 2278
f 1972 1968 2061 2062
f 965 2277 743 968
f 1091 1079 2260 590
f 1875 2207 1081 1093
f 2164 582 666 724
f 1814 1811 877 879
f 1946 1948 2101 2099
f 1957 1955 1999 2001
f 2135 926 704 705 1083
f 2220 750 814 812
f 1926 987 990 989
f 746 972 974 748
f 2140 749 813 815
f 1940 1003 1005 1006
f 824 1819 890 888
f 1088 1098 950 2294
f 952 951 1891 1888
f 2170 1778 1806 1805
f 2147 2109 2015 2017
f 857 855 918 1871
f 1013 789 726 951
f 740 1900 967 742
f 2214 1829 905 907
f 2144 1879 1085 1079
f 1925 983 2046 2043
f 2286 2201 915 1869
f 781 779 842 845
f 1001 777 2155 1003
f 1804 2286 1869 1868
f 1779 2225 807 2173
f 1899 964 2008 2005
f 1811 1812 2278 877
f 976 751 2138 978
f 945 2144 1079 1091
f 1849 1850 934 2208
f 1874 1875 1093 1086
f 1953 1951 1991 1993
f 1819 828 892 890
f 1799 1800 851 852
f 2234 823 886 884
f 1879 942 1742 690 1085
f 1969 992 993 994
f 2212 2263 2145 1878
f 2113 2209 2045 2047
f 956 1952 1894 1892
f 1971 1973 2063 2059
f 1911 1913 2023 2021
f 782 1008 1010 784
f 2183 1082 722 1106
f 1961 976 978 977
f 1965 1962 2032 2037
f 2224 2223 1810 1809
f 762 2202 1820 825
f 1831 1832 908 906
f 1865 2195 2143 946
f 980 2137 2285 981
f 1798 1772 790 853
f 2189 1943 2093 2097
f 1830 2239 901 903
f 784 1010 2188 786
f 919 1882 719 718 1105
f 1802 2185 858 856
f 2157 2293 846 844
f 995 2243 2068 1059
f 1891 2177 1775 1952
f 2133 930 1088 1108
f 984 2112 986 985
f 1963 2242 2035 2033
f 810 2282 876 875
f 732 734 2274 796
f 1796 773 837 839
f 1765 1107 1744
f 975 1915 2025 2029
f 2230 2231 696 691
f 1863 2212 1878 1877
f 1941 2104 2079 1939
f 2222 2254 889 891
f 1850 885 933 934
f 959 2168 737 961
f 2169 960 962 736
f 763 761 826 827
f 1793 1976 2105 1794
f 2200 2199 913 910
f 932 2133 1108 1082
f 863 2247 2233 922
f 692 2129 584 1080
f 1776 1777 801 2250
f 2103 1959 2007 2009
f 660 595 615 659
f 2207 935 1080 1081
f 1803 1804 1868 2271
f 1101 1096 579 699
f 1098 1084 581 950
f 986 2256 2204 987
f 748 974 1961 2219
f 1800 2272 1833 851
f 2191 2149 2089 2091
f 2276 732 796 794
f 2205 1926 989 764
f 1832 2200 910 908
f 923 2229 1090 1096
f 850 2198 916 914
f 926 2226 1102 704
f 935 2230 691 692 1080
f 1917 2115 2031 2027
f 754 753 817 819
f 1981 1977 2075 2077
f 1828 1831 906 904
f 2195 2196 944 2143
f 2102 738 2277 965
f 2159 1929 2055 2051
f 2188 1920 1013 1014
f 829 832 896 894
f 705 1753 580 1083
f 883 881 931 2232
f 769 2287 1826 1825
f 1794 2105 1940 778
f 941 940 1092 1730 1746
f 1930 1932 2066 2064
f 2203 1969 994 1789
f 2194 1109 2211
f 993 770 771 1886
f 768 769 1825 2221
f 2120 697 2166
f 1933 1887 1885 2067
f 992 767 770 993
f 2142 1109 2141
f 1789 994 996 1790
f 766 768 2221 1821
f 832 835 899 896
f 1791 1792 1824 834
f 2263 1856 939 2145
f 2240 833 897 898
f 642 606 605 641
f 610 633 665 687
f 1792 1787 831 1824
f 940 1876 1087 1092
f 2244 1931 2065 2069
f 2319 695 1731 1721
f 676 602 569 637
f 597 640 565 564
f 633 668 669 665
f 630 661 2297 629
f 684 632 631 2163
f 640 604 566 565
f 604 625 567 566
f 672 646 2162 561
f 673 621 593 675
f 665 669 670 571
f 671 672 561 560
f 2308 2307 2318 1722 1723 562 563 2132 2131 2299 2296 1724 1725 2317 2316 2304 2302 2303 570 2314 2321 2265 2264 572 2301 573 574 2216 2215 2313 2306 576
f 657 594 568 656
f 603 655 575 622
f 619 649 2315 618
f 646 684 2163 2162
f 613 636 2305 612
f 687 665 571 609
f 594 676 637 568
f 651 671 560 652
f 602 619 618 569
f 661 596 2298 2297
f 636 673 675 2305
f 616 681 2300 644
f 625 657 656 567
f 663 597 564 664
f 655 613 612 575
f 621 651 652 593
f 674 650 621 673
f 681 630 629 2300
f 596 678 677 2298
f 649 687 609 2315
f 654 716 613 655
f 671 651 1770 634
f 641 640 597 598
f 647 685 684 646
f 623 654 655 603
f 645 683 2288 617
f 615 639 638 614
f 659 615 614 658
f 599 647 646 672
f 626 658 657 625
f 636 613 716 713
f 604 640 641 605
f 708 713 714
f 667 645 617 668
f 688 608 559
f 689 662 1749 1738
f 632 684 685 688
f 679 623 603 678
f 707 611 1770
f 683 1752 2288
f 634 599 672 671
f 627 659 658 626
f 1750 1751 1739
f 703 702 2119
f 2116 697 2120
f 605 626 625 604
f 721 638 639
f 559 608 1748 1740
f 720 2126 2128 723
f 1730 1092 2326 586
f 666 667 668 633
f 611 635 634 1770
f 2267 2268 624 680
f 643 2324 606 642
f 600 648 647 599
f 624 653 654 623
f 582 2165 667 666
f 2118 2267 680 703
f 1755 682 698
f 1732 643 642 558
f 1087 1086 2253 585
f 680 624 623 679
f 724 666 633 610
f 2288 681 616 617
f 577 1758 715 653
f 2165 1726 645 667
f 595 2295 639 615
f 2324 628 627 606
f 2295 2130 721 639
f 2268 577 653 624
f 1758 1759 714 715
f 686 608 688 685
f 708 714 1759 710
f 698 700 1755
f 653 715 716 654
f 1751 1741 1739
f 2125 717 693
f 1744 1766 1765
f 1752 683 1727 1754
f 703 680 679 702
f 648 686 685 647
f 1726 1727 683 645
f 589 1748 608 686
f 1092 1087 585 2326
f 1081 1080 584 1736
f 709 2259 635 611
f 1093 1081 1736 1737
f 1733 1719 694
f 2128 2164 724 723
f 2259 591 600 635
f 2123 2125 693
f 635 600 599 634
f 1086 1093 1737 2253
f 2119 2117 2118 703
f 687 649 2181 610
f 2325 1110 2127
f 725 1110 2325
f 720 723 2181
f 724 610 2181 723
f 676 594 614 638
f 1734 1735 1743 1747
f 663 632 688 2320
f 1760 1762 1763
f 1769 1771 2309 2179
f 2309 2310 2180 2179
f 2310 2323 1764 2180
f 651 621 650 1770
f 674 673 636 713
f 2311 2312 1757 2206
f 596 661 701 702
f 630 681 2288 607
f 2312 2289 1756 1757
f 2167 2311 2206 2121
f 2181 649 619 620
f 1734 1747 2184 2182
f 1735 1767 1745 1743
f 602 676 638 601
f 1848 1109 1847
f 1838 1109 1837
f 2245 1109 2246
f 2141 1109 1867
f 2193 1109 2192
f 2175 1109 2245
f 2270 1109 2142
f 1843 1109 1842
f 2246 1109 2270
f 1844 1109 1843
f 2211 1109 1861
f 1841 1109 2280
f 1861 1109 1860
f 1847 1109 2237
f 1852 1109 1851
f 2176 1109 2175
f 1858 1109 2217
f 2237 1109 1844
f 1837 1109 2176
f 2218 1109 1848
f 2280 1109 1838
f 1842 1109 1841
f 1855 1109 1852
f 1866 1109 2193
f 1859 1109 1858
f 1851 1109 2218
f 1867 1109 1866
f 1860 1109 1859
