# Blender v2.70 (sub 0) OBJ File: ''
# www.blender.org
mtllib MediumWheel.mtl
o LMediumWheels.000_Plane.019
v -0.000003 -0.074349 0.052108
v -0.000009 0.068621 0.059444
v -0.000004 0.074350 -0.052197
v -2.090713 -0.222904 -0.898983
v -2.090682 0.314050 -0.871428
v -2.090756 -0.898668 0.222898
v -2.090753 -0.871114 -0.314052
v -2.090723 -0.313737 0.871108
v -2.090645 0.898978 -0.223219
v -2.090691 0.223215 0.898661
v -2.090648 0.871424 0.313731
v -1.308535 0.244563 -0.967107
v -1.308525 0.428530 -0.900829
v -1.308517 0.596031 -0.799933
v -1.308504 0.740630 -0.668300
v -1.308499 0.856771 -0.510985
v -1.308494 0.939989 -0.334036
v -1.308492 0.987087 -0.144251
v -1.308490 0.996256 0.051075
v -1.308492 0.967141 0.244436
v -1.308499 0.900864 0.428404
v -1.308502 0.799969 0.595905
v -1.308510 0.668336 0.740504
v -1.308522 0.511021 0.856646
v -1.308532 0.334071 0.939865
v -1.308543 0.144286 0.986963
v -1.308557 -0.051041 0.996132
v -1.308568 -0.244403 0.967018
v -1.308577 -0.428370 0.900740
v -1.308588 -0.595873 0.799846
v -1.308596 -0.740473 0.668212
v -1.308606 -0.856614 0.510897
v -1.308609 -0.939833 0.333947
v -1.308611 -0.986931 0.144162
v -1.308614 -0.996100 -0.051164
v -1.308611 -0.966986 -0.244527
v -1.308607 -0.900708 -0.428493
v -1.308601 -0.799813 -0.595996
v -1.308593 -0.668179 -0.740595
v -1.308583 -0.510865 -0.856736
v -1.308568 -0.333914 -0.939955
v -1.308560 -0.144129 -0.987054
v -1.308548 0.051197 -0.996222
v -1.144837 0.244553 -0.967103
v -1.144827 0.428519 -0.900825
v -1.144816 0.596021 -0.799930
v -1.144806 0.740620 -0.668296
v -1.144801 0.856761 -0.510982
v -1.144796 0.939979 -0.334032
v -1.144794 0.987078 -0.144248
v -1.144792 0.996246 0.051078
v -1.144796 0.967132 0.244440
v -1.144800 0.900854 0.428406
v -1.144807 0.799960 0.595908
v -1.144814 0.668326 0.740508
v -1.144824 0.511011 0.856649
v -1.144836 0.334061 0.939868
v -1.144848 0.144276 0.986966
v -1.144861 -0.051050 0.996135
v -1.144870 -0.244413 0.967021
v -1.144881 -0.428380 0.900743
v -1.144892 -0.595882 0.799849
v -1.144900 -0.740482 0.668215
v -1.144908 -0.856624 0.510900
v -1.144910 -0.939842 0.333950
v -1.144912 -0.986941 0.144165
v -1.144916 -0.996110 -0.051161
v -1.144912 -0.966996 -0.244523
v -1.144906 -0.900718 -0.428490
v -1.144902 -0.799823 -0.595992
v -1.144892 -0.668189 -0.740592
v -1.144885 -0.510874 -0.856733
v -1.144870 -0.333925 -0.939951
v -1.144861 -0.144140 -0.987050
v -1.144848 0.051188 -0.996219
v -1.144831 0.367850 -1.454807
v -1.144812 0.644593 -1.355104
v -1.144796 0.896569 -1.203327
v -1.144785 1.114092 -1.005308
v -1.144773 1.288804 -0.768657
v -1.144766 1.413991 -0.502469
v -1.144760 1.484841 -0.216974
v -1.144764 1.498633 0.076859
v -1.144766 1.454836 0.367736
v -1.144772 1.355134 0.644480
v -1.144782 1.203357 0.896455
v -1.144792 1.005339 1.113979
v -1.144810 0.768688 1.288691
v -1.144828 0.502499 1.413879
v -1.144845 0.217003 1.484730
v -1.144863 -0.076831 1.498522
v -1.144878 -0.367709 1.454726
v -1.144895 -0.644454 1.355023
v -1.144910 -0.896429 1.203246
v -1.144923 -1.113954 1.005227
v -1.144934 -1.288666 0.768576
v -1.144940 -1.413854 0.502387
v -1.144946 -1.484704 0.216891
v -1.144957 -1.498497 -0.076941
v -1.144940 -1.454700 -0.367819
v -1.144937 -1.354997 -0.644563
v -1.144927 -1.203221 -0.896539
v -1.144915 -1.005202 -1.114063
v -1.144897 -0.768551 -1.288775
v -1.144884 -0.502363 -1.413962
v -1.144863 -0.216866 -1.484814
v -1.144846 0.076967 -1.498606
v -1.055870 0.367845 -1.454805
v -1.055853 0.644589 -1.355102
v -1.055838 0.896564 -1.203325
v -1.055827 1.114087 -1.005306
v -1.055814 1.288799 -0.768655
v -1.055807 1.413986 -0.502467
v -1.055804 1.484836 -0.216972
v -1.055805 1.498628 0.076861
v -1.055807 1.454831 0.367738
v -1.055811 1.355129 0.644481
v -1.055823 1.203352 0.896457
v -1.055833 1.005334 1.113981
v -1.055851 0.768682 1.288693
v -1.055867 0.502494 1.413881
v -1.055884 0.216998 1.484732
v -1.055902 -0.076836 1.498524
v -1.055920 -0.367714 1.454727
v -1.055936 -0.644458 1.355025
v -1.055951 -0.896434 1.203248
v -1.055962 -1.113959 1.005229
v -1.055975 -1.288671 0.768578
v -1.055982 -1.413858 0.502389
v -1.055985 -1.484709 0.216893
v -1.055993 -1.498502 -0.076939
v -1.055982 -1.454705 -0.367818
v -1.055978 -1.355002 -0.644562
v -1.055966 -1.203225 -0.896538
v -1.055954 -1.005207 -1.114062
v -1.055938 -0.768557 -1.288773
v -1.055925 -0.502368 -1.413960
v -1.055905 -0.216872 -1.484812
v -1.957440 0.215867 1.401446
v -2.090573 -0.493710 -1.390329
v -1.957423 0.358204 -1.372321
v -2.090636 -1.472970 -0.075959
v -2.090626 -1.331902 -0.633963
v -2.090604 -0.988032 -1.095510
v -2.090614 -1.094942 0.987875
v -2.090488 0.988446 1.094784
v -2.090633 -1.389761 0.493555
v -2.090588 -0.633396 1.331745
v -2.090519 0.494126 1.389603
v -2.090590 -0.755391 -1.267262
v -2.090503 0.633812 -1.332467
v -2.090626 -1.266694 0.755233
v -2.090466 1.267109 -0.755956
v -2.090615 -1.182696 -0.881671
v -2.090602 -0.881103 1.182539
v -2.090472 1.183109 0.880946
v -2.090489 0.881519 -1.183262
v -2.090480 1.095357 -0.988597
v -2.090568 -0.361340 1.429758
v -2.090501 0.755804 1.266537
v -2.090463 1.332315 0.633239
v -2.090460 1.390174 -0.494278
v -2.159344 0.478276 -1.891361
v -2.159312 1.165654 -1.564416
v -2.159300 1.448452 -1.306977
v -2.159292 1.838344 -0.653246
v -2.159302 1.948387 0.099929
v -2.159312 1.891447 0.478093
v -2.159328 1.761826 0.837883
v -2.159347 1.564504 1.165471
v -2.159368 1.307064 1.448269
v -2.159413 0.653331 1.838164
v -2.159439 0.282162 1.930277
v -2.159504 -0.837802 1.761647
v -2.159527 -1.448190 1.306884
v -2.159534 -1.675331 0.999218
v -2.159537 -1.838084 0.653152
v -2.159528 -1.948129 -0.100024
v -2.159501 -1.761567 -0.837980
v -2.159482 -1.564245 -1.165569
v -2.159367 0.100105 -1.948303
v -1.957406 0.726796 1.218203
v -1.957516 -1.053043 0.950217
v -2.300381 0.380336 -1.503924
v -2.300362 0.666401 -1.400864
v -2.300344 0.926862 -1.243974
v -2.300330 1.151711 -1.039286
v -2.300319 1.332308 -0.794666
v -2.300312 1.461711 -0.519513
v -2.300310 1.534948 -0.224402
v -2.300311 1.549204 0.079327
v -2.300312 1.503932 0.380001
v -2.300320 1.400871 0.666064
v -2.300331 1.243983 0.926527
v -2.300344 1.039295 1.151376
v -2.300356 0.794675 1.331973
v -2.300374 0.519521 1.461377
v -2.300392 0.224409 1.534614
v -2.300411 -0.079321 1.548871
v -2.300430 -0.379995 1.503599
v -2.300446 -0.666061 1.400539
v -2.300464 -0.926524 1.243650
v -2.300473 -1.151373 1.038962
v -2.300487 -1.331970 0.794341
v -2.300494 -1.461375 0.519188
v -2.300498 -1.534612 0.224076
v -2.300500 -1.548870 -0.079653
v -2.300499 -1.503598 -0.380328
v -2.300488 -1.400536 -0.666392
v -2.300478 -1.243647 -0.926855
v -2.300464 -1.038958 -1.151704
v -2.300450 -0.794338 -1.332301
v -2.300432 -0.519185 -1.461704
v -2.300416 -0.224073 -1.534941
v -2.300395 0.079657 -1.549199
v -1.055885 0.076962 -1.498603
v -2.309465 0.456909 -1.806810
v -1.055812 0.456833 -1.806801
v -2.309445 0.800614 -1.682983
v -1.055794 0.800538 -1.682973
v -1.055779 1.113481 -1.494472
v -2.309432 1.113557 -1.494481
v -2.309422 1.383712 -1.248549
v -1.055768 1.383636 -1.248540
v -2.309414 1.600697 -0.954639
v -1.055761 1.600621 -0.954630
v -2.309413 1.756173 -0.624044
v -1.055760 1.756097 -0.624035
v -2.309413 1.844168 -0.269470
v -1.055760 1.844091 -0.269461
v -2.309423 1.861296 0.095459
v -1.055767 1.861220 0.095468
v -2.309433 1.806903 0.456716
v -1.055780 1.806826 0.456725
v -2.309448 1.683077 0.800421
v -1.055794 1.683000 0.800430
v -2.309465 1.494576 1.113364
v -1.055812 1.494500 1.113372
v -1.055833 1.248569 1.383529
v -2.309484 1.248645 1.383520
v -2.309505 0.954734 1.600506
v -1.055854 0.954657 1.600515
v -2.309531 0.624139 1.755984
v -1.055878 0.624062 1.755993
v -1.055899 0.269487 1.843987
v -2.309552 0.269564 1.843978
v -2.309574 -0.095366 1.861107
v -1.055921 -0.095442 1.861117
v -2.309594 -0.456625 1.806714
v -1.055942 -0.456701 1.806723
v -1.055959 -0.800407 1.682896
v -2.309612 -0.800331 1.682886
v -2.309627 -1.113276 1.494386
v -1.055974 -1.113352 1.494396
v -2.309638 -1.383432 1.248454
v -1.055987 -1.383506 1.248463
v -2.309643 -1.600418 0.954544
v -1.055990 -1.600493 0.954553
v -2.309649 -1.755895 0.623948
v -1.055995 -1.755971 0.623958
v -1.055991 -1.843966 0.269382
v -2.309644 -1.843890 0.269373
v -2.309639 -1.861019 -0.095555
v -1.055986 -1.861095 -0.095546
v -2.309629 -1.806625 -0.456814
v -1.055976 -1.806701 -0.456805
v -2.309612 -1.682799 -0.800519
v -1.055959 -1.682875 -0.800511
v -2.309592 -1.494297 -1.113463
v -1.055941 -1.494373 -1.113455
v -2.309573 -1.248367 -1.383619
v -1.055920 -1.248443 -1.383609
v -2.309552 -0.954456 -1.600605
v -1.055899 -0.954532 -1.600596
v -1.055878 -0.623936 -1.756073
v -2.309530 -0.623860 -1.756082
v -1.055854 -0.269361 -1.844067
v -2.309505 -0.269285 -1.844076
v -2.309485 0.095644 -1.861206
v -1.055832 0.095569 -1.861196
v -2.159349 0.456900 -1.806808
v -1.198515 0.456841 -1.806801
v -2.159331 0.800604 -1.682980
v -1.198497 0.800546 -1.682975
v -2.159317 1.113548 -1.494479
v -1.198480 1.113489 -1.494473
v -2.159306 1.383703 -1.248549
v -1.198471 1.383645 -1.248542
v -1.198465 1.600629 -0.954631
v -2.159299 1.600688 -0.954638
v -2.159295 1.756164 -0.624043
v -1.198463 1.756106 -0.624037
v -2.159300 1.844158 -0.269469
v -1.198463 1.844100 -0.269462
v -2.159307 1.861288 0.095460
v -1.198470 1.861229 0.095466
v -2.159317 1.806893 0.456717
v -1.198483 1.806835 0.456724
v -2.159332 1.683067 0.800422
v -1.198498 1.683009 0.800429
v -1.198515 1.494508 1.113372
v -2.159349 1.494566 1.113365
v -2.159370 1.248635 1.383521
v -1.198533 1.248577 1.383528
v -1.198557 0.954666 1.600514
v -2.159392 0.954725 1.600508
v -2.159413 0.624129 1.755984
v -1.198581 0.624071 1.755992
v -2.159439 0.269554 1.843979
v -1.198602 0.269495 1.843987
v -2.159459 -0.095376 1.861108
v -1.198624 -0.095434 1.861115
v -1.198645 -0.456693 1.806723
v -2.159481 -0.456635 1.806715
v -2.159499 -0.800340 1.682888
v -1.198662 -0.800399 1.682895
v -2.159514 -1.113284 1.494387
v -1.198677 -1.113343 1.494394
v -2.159522 -1.383440 1.248455
v -1.198690 -1.383499 1.248463
v -2.159529 -1.600427 0.954545
v -1.198693 -1.600486 0.954552
v -2.159531 -1.755904 0.623950
v -1.198698 -1.755962 0.623957
v -2.159531 -1.843899 0.269374
v -1.198694 -1.843957 0.269382
v -2.159521 -1.861029 -0.095554
v -1.198689 -1.861086 -0.095547
v -2.159511 -1.806634 -0.456813
v -1.198679 -1.806692 -0.456806
v -2.159496 -1.682808 -0.800518
v -1.198662 -1.682866 -0.800511
v -2.159479 -1.494307 -1.113462
v -1.198644 -1.494364 -1.113456
v -1.198623 -1.248434 -1.383611
v -2.159460 -1.248376 -1.383617
v -2.159439 -0.954464 -1.600602
v -1.198602 -0.954523 -1.600598
v -2.159413 -0.623869 -1.756079
v -1.198581 -0.623928 -1.756074
v -2.159392 -0.269294 -1.844076
v -1.198555 -0.269352 -1.844069
v -1.198535 0.095577 -1.861198
v -2.159367 0.095635 -1.861204
v -1.198512 0.478218 -1.891356
v -2.159327 0.838066 -1.761739
v -1.198493 0.838007 -1.761733
v -1.198476 1.165595 -1.564410
v -1.198467 1.448393 -1.306970
v -1.198460 1.675534 -0.999305
v -2.159294 1.675592 -0.999312
v -1.198458 1.838285 -0.653239
v -2.159293 1.930456 -0.282078
v -1.198461 1.930397 -0.282070
v -1.198466 1.948328 0.099936
v -1.198478 1.891388 0.478100
v -1.198493 1.761767 0.837890
v -1.198512 1.564445 1.165478
v -1.198533 1.307005 1.448277
v -1.198555 0.999339 1.675417
v -2.159392 0.999398 1.675410
v -1.198581 0.653273 1.838171
v -1.198602 0.282103 1.930284
v -2.159461 -0.099845 1.948207
v -1.198627 -0.099904 1.948215
v -2.159482 -0.478011 1.891268
v -1.198650 -0.478069 1.891275
v -1.198667 -0.837860 1.761654
v -2.159516 -1.165391 1.564324
v -1.198681 -1.165449 1.564331
v -1.198695 -1.448248 1.306891
v -1.198702 -1.675389 0.999226
v -1.198704 -1.838143 0.653159
v -2.159533 -1.930197 0.281983
v -1.198701 -1.930255 0.281990
v -1.198691 -1.948186 -0.100017
v -2.159516 -1.891189 -0.478189
v -1.198681 -1.891247 -0.478182
v -1.198666 -1.761624 -0.837972
v -1.198647 -1.564302 -1.165562
v -2.159461 -1.306803 -1.448366
v -1.198627 -1.306863 -1.448360
v -2.159439 -0.999138 -1.675507
v -1.198602 -0.999196 -1.675500
v -2.159413 -0.653071 -1.838260
v -1.198581 -0.653130 -1.838253
v -2.159391 -0.281903 -1.930373
v -1.198555 -0.281961 -1.930366
v -1.198532 0.100047 -1.948296
v -1.957490 -0.609180 1.280912
v -2.029572 -0.514768 1.082425
v -2.029518 0.401553 1.129445
v -2.029530 0.222472 1.176413
v -1.957471 -0.357839 1.372025
v -2.090685 0.311741 0.876692
v -2.029564 -0.341440 1.147475
v -2.090538 0.075803 -1.473537
v -2.091361 -0.213052 -1.459978
v -2.029565 -0.401248 -1.129766
v -2.090709 -0.134377 -0.920952
v -1.957459 -0.215491 -1.401781
v -2.090717 -0.311430 -0.877014
v -2.029553 -0.222169 -1.176733
v -2.029518 0.341743 -1.147794
v -2.091439 -1.429915 -0.361909
v -2.091440 -1.459412 0.212895
v -2.029605 -1.082434 -0.515079
v -2.090749 -0.840199 -0.399865
v -1.957532 -1.336568 0.474836
v -1.957524 -1.280925 -0.609486
v -1.957534 -1.401506 0.215324
v -2.029617 -1.176422 0.222160
v -1.957530 -1.371976 -0.358345
v -2.029609 -1.147484 -0.341751
v -2.090554 -0.075389 1.472813
v -2.091264 1.430327 0.361184
v -2.091327 0.361757 -1.430481
v -2.091342 0.213465 1.459254
v -2.091261 1.459824 -0.213619
v -2.090456 1.473383 0.075235
v -2.130006 0.602053 -0.214041
v -2.029473 1.129759 -0.401559
v -1.957365 1.336863 -0.475152
v -2.090647 0.877009 -0.311745
v -2.029613 -1.129456 0.401240
v -2.090755 -0.876699 0.311425
v -2.130081 -0.601737 0.213719
v -2.090652 0.840509 0.399544
v -2.130009 0.576998 0.274206
v -2.130077 -0.512073 -0.381793
v -2.090747 -0.746073 -0.556130
v -2.029597 -0.961177 -0.716388
v -1.957518 -1.137436 -0.847704
v -2.130039 0.092505 0.631894
v -2.090698 0.134689 0.920631
v -2.130045 -0.092189 -0.632217
v -2.029489 0.890165 -0.803285
v -2.130022 0.381791 -0.512390
v -2.130076 -0.474073 0.427773
v -2.029599 -0.889860 0.802967
v -2.029586 -0.716076 0.961168
v -2.090645 0.929501 0.047529
v -2.130082 -0.637770 -0.032897
v -2.090757 -0.929191 -0.047850
v -2.130019 0.428093 0.474068
v -2.029495 0.803279 0.889850
v -2.090665 0.623581 0.690706
v -2.130062 -0.327038 -0.548765
v -2.090732 -0.476509 -0.799378
v -1.957492 -0.726501 -1.218522
v -2.029580 -0.613911 -1.029752
v -2.130039 0.032893 -0.638088
v -2.090727 -0.399549 0.840192
v -2.090719 -0.227924 0.902023
v -2.130055 -0.156402 0.619121
v -1.957375 1.218512 -0.726805
v -2.029476 1.029745 -0.614221
v -2.090654 0.799374 -0.476823
v -2.130012 0.548762 -0.327355
v -2.029476 1.082737 0.514759
v -2.130080 -0.576683 -0.274529
v -2.130029 0.214039 0.601733
v -2.029497 0.716381 -0.961485
v -2.090664 0.556126 -0.746387
v -1.957505 -0.847397 1.137423
v -2.090740 -0.555814 0.746067
v -2.130067 -0.381475 0.512068
v -2.090645 0.920948 -0.134693
v -2.130006 0.632213 -0.092507
v -2.130084 -0.631899 0.092186
v -2.130013 0.512388 0.381470
v -2.029588 -0.802976 -0.890171
v -2.090736 -0.623270 -0.691029
v -2.090699 0.047845 -0.929505
v -2.029607 -1.029441 0.613902
v -2.090752 -0.799063 0.476503
v -2.130078 -0.548447 0.327033
v -2.090645 0.902340 0.227919
v -2.130002 0.619440 0.156399
v -2.090757 -0.902030 -0.228240
v -2.029508 0.614216 1.029431
v -2.130022 0.327352 0.548442
v -2.130055 -0.213723 -0.602056
v -1.957410 0.609478 -1.281229
v -2.029511 0.515074 -1.082743
v -2.090677 0.399862 -0.840512
v -2.130026 0.274527 -0.577000
v -2.130058 -0.274210 0.576678
v -2.029466 1.176726 -0.222480
v -2.090757 -0.920637 0.134372
v -2.029486 0.961480 0.716067
v -2.090656 0.746383 0.555808
v -2.130069 -0.427778 -0.474391
v -2.130046 -0.032578 0.637765
v -2.090708 -0.047534 0.929184
v -1.957383 1.053340 -0.950533
v -2.090660 0.691025 -0.623584
v -2.130013 0.474388 -0.428095
v -2.090746 -0.690713 0.623263
v -2.130005 0.638084 0.032575
v -2.130083 -0.619126 -0.156721
v -2.090674 0.476820 0.799056
v -2.090688 0.228237 -0.902344
v -2.130032 0.156720 -0.619443
v -2.152450 0.021156 -0.409327
v -1.957394 0.847695 -1.137739
v -1.957367 1.372378 0.357677
v -1.957373 1.281220 0.609168
v -1.957383 1.137731 0.847384
v -1.957396 0.950525 1.053030
v -1.957424 0.475143 1.336554
v -1.957526 -1.218216 0.726489
v -1.957506 -0.950230 -1.053350
v -1.957478 -0.474847 -1.336873
v -2.152458 -0.059072 -0.405561
v -2.152463 -0.137024 -0.386216
v -2.152466 -0.209703 -0.352035
v -2.152468 -0.274318 -0.304332
v -2.152476 -0.328385 -0.244939
v -2.152479 -0.369826 -0.176140
v -2.152478 -0.397049 -0.100578
v -2.152478 -0.409007 -0.021157
v -2.152478 -0.405241 0.059071
v -2.152480 -0.385896 0.137022
v -2.152477 -0.351715 0.209702
v -2.152471 -0.304012 0.274316
v -2.152471 -0.244620 0.328383
v -2.152464 -0.175820 0.369823
v -2.152463 -0.100258 0.397047
v -2.152457 -0.020837 0.409004
v -2.152453 0.059391 0.405239
v -2.152445 0.137342 0.385894
v -2.152441 0.210022 0.351713
v -2.152439 0.274636 0.304009
v -2.152434 0.328703 0.244617
v -2.152433 0.370144 0.175819
v -2.152429 0.397367 0.100257
v -2.152428 0.409325 0.020836
v -2.152430 0.405560 -0.059391
v -2.152432 0.386214 -0.137343
v -2.152432 0.352033 -0.210022
v -2.152431 0.304331 -0.274637
v -2.152436 0.244939 -0.328704
v -2.152443 0.176140 -0.370145
v -2.152447 0.100578 -0.397368
v -1.957363 1.401731 -0.216000
v -2.029474 1.147787 0.341431
v 0.000003 -0.068620 -0.059534
v 2.029404 1.147787 0.341431
v 1.957294 1.401731 -0.216000
v 2.152377 0.100578 -0.397368
v 2.152374 0.176140 -0.370145
v 2.152367 0.244939 -0.328704
v 2.152363 0.304331 -0.274637
v 2.152363 0.352033 -0.210022
v 2.152363 0.386214 -0.137343
v 2.152360 0.405560 -0.059391
v 2.152359 0.409325 0.020836
v 2.152360 0.397367 0.100257
v 2.152364 0.370144 0.175819
v 2.152364 0.328703 0.244617
v 2.152370 0.274636 0.304009
v 2.152372 0.210022 0.351713
v 2.152376 0.137342 0.385894
v 2.152384 0.059391 0.405239
v 2.152388 -0.020837 0.409005
v 2.152394 -0.100258 0.397047
v 2.152395 -0.175820 0.369823
v 2.152402 -0.244620 0.328383
v 2.152402 -0.304012 0.274316
v 2.152408 -0.351715 0.209702
v 2.152411 -0.385896 0.137022
v 2.152408 -0.405241 0.059071
v 2.152410 -0.409007 -0.021157
v 2.152409 -0.397049 -0.100578
v 2.152410 -0.369826 -0.176140
v 2.152407 -0.328385 -0.244939
v 2.152399 -0.274318 -0.304332
v 2.152397 -0.209703 -0.352035
v 2.152393 -0.137024 -0.386216
v 2.152390 -0.059072 -0.405561
v 1.957409 -0.474847 -1.336873
v 1.957437 -0.950230 -1.053350
v 1.957457 -1.218216 0.726489
v 1.957355 0.475143 1.336554
v 1.957327 0.950525 1.053030
v 1.957314 1.137731 0.847384
v 1.957304 1.281220 0.609168
v 1.957298 1.372378 0.357677
v 1.957325 0.847695 -1.137739
v 2.152381 0.021156 -0.409327
v 2.129963 0.156720 -0.619443
v 2.090618 0.228237 -0.902344
v 2.090605 0.476820 0.799056
v 2.130013 -0.619126 -0.156721
v 2.129936 0.638084 0.032575
v 2.090677 -0.690713 0.623263
v 2.129944 0.474388 -0.428095
v 2.090591 0.691025 -0.623584
v 1.957314 1.053340 -0.950533
v 2.090638 -0.047534 0.929184
v 2.129977 -0.032578 0.637765
v 2.129999 -0.427778 -0.474391
v 2.090587 0.746383 0.555808
v 2.029417 0.961480 0.716067
v 2.090688 -0.920637 0.134372
v 2.029397 1.176726 -0.222480
v 2.129989 -0.274210 0.576679
v 2.129957 0.274527 -0.577000
v 2.090607 0.399862 -0.840512
v 2.029442 0.515074 -1.082743
v 1.957341 0.609478 -1.281229
v 2.129986 -0.213723 -0.602056
v 2.129953 0.327352 0.548442
v 2.029439 0.614216 1.029431
v 2.090688 -0.902030 -0.228240
v 2.129933 0.619440 0.156399
v 2.090576 0.902340 0.227919
v 2.130009 -0.548447 0.327033
v 2.090683 -0.799062 0.476503
v 2.029538 -1.029441 0.613902
v 2.090630 0.047845 -0.929505
v 2.090667 -0.623270 -0.691029
v 2.029519 -0.802976 -0.890171
v 2.129944 0.512388 0.381470
v 2.130014 -0.631899 0.092186
v 2.129937 0.632213 -0.092507
v 2.090575 0.920948 -0.134693
v 2.129998 -0.381475 0.512068
v 2.090671 -0.555814 0.746067
v 1.957436 -0.847397 1.137423
v 2.090595 0.556126 -0.746387
v 2.029428 0.716381 -0.961486
v 2.129960 0.214039 0.601733
v 2.130011 -0.576683 -0.274529
v 2.029407 1.082737 0.514759
v 2.129942 0.548762 -0.327355
v 2.090585 0.799374 -0.476823
v 2.029407 1.029745 -0.614221
v 1.957306 1.218512 -0.726805
v 2.129986 -0.156402 0.619121
v 2.090650 -0.227924 0.902023
v 2.090658 -0.399549 0.840192
v 2.129970 0.032893 -0.638088
v 2.029510 -0.613911 -1.029752
v 1.957422 -0.726501 -1.218522
v 2.090663 -0.476509 -0.799378
v 2.129993 -0.327038 -0.548765
v 2.090596 0.623581 0.690706
v 2.029426 0.803279 0.889850
v 2.129950 0.428093 0.474067
v 2.090688 -0.929191 -0.047850
v 2.130013 -0.637770 -0.032897
v 2.090576 0.929501 0.047529
v 2.029517 -0.716076 0.961168
v 2.029530 -0.889860 0.802967
v 2.130007 -0.474073 0.427773
v 2.129953 0.381791 -0.512390
v 2.029420 0.890165 -0.803285
v 2.129976 -0.092189 -0.632217
v 2.090628 0.134689 0.920631
v 2.129970 0.092505 0.631894
v 1.957449 -1.137436 -0.847704
v 2.029528 -0.961177 -0.716388
v 2.090678 -0.746073 -0.556130
v 2.130007 -0.512073 -0.381793
v 2.129940 0.576998 0.274206
v 2.090583 0.840509 0.399544
v 2.130012 -0.601737 0.213719
v 2.090686 -0.876699 0.311425
v 2.029544 -1.129456 0.401240
v 2.090578 0.877009 -0.311745
v 1.957296 1.336863 -0.475152
v 2.029403 1.129759 -0.401559
v 2.129937 0.602053 -0.214041
v 2.090386 1.473383 0.075235
v 2.091192 1.459824 -0.213619
v 2.091273 0.213465 1.459254
v 2.091258 0.361757 -1.430481
v 2.091195 1.430327 0.361184
v 2.090484 -0.075389 1.472813
v 2.029541 -1.147484 -0.341751
v 1.957461 -1.371976 -0.358345
v 2.029547 -1.176422 0.222160
v 1.957465 -1.401506 0.215324
v 1.957455 -1.280925 -0.609486
v 1.957463 -1.336568 0.474836
v 2.090680 -0.840199 -0.399865
v 2.029536 -1.082434 -0.515079
v 2.091371 -1.459412 0.212895
v 2.091370 -1.429915 -0.361909
v 2.029449 0.341743 -1.147794
v 2.029484 -0.222170 -1.176733
v 2.090648 -0.311430 -0.877014
v 1.957390 -0.215491 -1.401780
v 2.090640 -0.134377 -0.920952
v 2.029496 -0.401248 -1.129766
v 2.091291 -0.213052 -1.459978
v 2.090469 0.075803 -1.473537
v 2.029496 -0.341440 1.147475
v 2.090616 0.311741 0.876692
v 1.957402 -0.357839 1.372025
v 2.029461 0.222472 1.176413
v 2.029449 0.401553 1.129445
v 2.029503 -0.514768 1.082425
v 1.957420 -0.609180 1.280912
v 1.198464 0.100047 -1.948297
v 1.198485 -0.281961 -1.930366
v 2.159322 -0.281903 -1.930373
v 1.198512 -0.653130 -1.838253
v 2.159344 -0.653071 -1.838260
v 1.198533 -0.999196 -1.675500
v 2.159369 -0.999138 -1.675507
v 1.198557 -1.306863 -1.448360
v 2.159392 -1.306803 -1.448366
v 1.198578 -1.564302 -1.165561
v 1.198597 -1.761624 -0.837972
v 1.198612 -1.891247 -0.478182
v 2.159447 -1.891189 -0.478189
v 1.198622 -1.948186 -0.100017
v 1.198632 -1.930255 0.281990
v 2.159464 -1.930197 0.281983
v 1.198635 -1.838143 0.653159
v 1.198633 -1.675389 0.999226
v 1.198625 -1.448248 1.306891
v 1.198612 -1.165449 1.564332
v 2.159447 -1.165391 1.564325
v 1.198598 -0.837860 1.761654
v 1.198581 -0.478069 1.891275
v 2.159413 -0.478011 1.891268
v 1.198558 -0.099904 1.948215
v 2.159392 -0.099845 1.948207
v 1.198533 0.282103 1.930284
v 1.198512 0.653273 1.838171
v 2.159323 0.999398 1.675410
v 1.198486 0.999339 1.675418
v 1.198463 1.307005 1.448277
v 1.198443 1.564445 1.165478
v 1.198424 1.761767 0.837890
v 1.198409 1.891388 0.478100
v 1.198397 1.948328 0.099936
v 1.198392 1.930397 -0.282070
v 2.159224 1.930456 -0.282078
v 1.198388 1.838285 -0.653239
v 2.159225 1.675592 -0.999312
v 1.198390 1.675534 -0.999305
v 1.198398 1.448393 -1.306970
v 1.198407 1.165595 -1.564410
v 1.198424 0.838007 -1.761733
v 2.159258 0.838066 -1.761740
v 1.198443 0.478218 -1.891356
v 2.159298 0.095635 -1.861204
v 1.198466 0.095577 -1.861198
v 1.198486 -0.269352 -1.844069
v 2.159323 -0.269294 -1.844076
v 1.198512 -0.623928 -1.756074
v 2.159344 -0.623869 -1.756079
v 1.198533 -0.954523 -1.600597
v 2.159370 -0.954464 -1.600602
v 2.159391 -1.248375 -1.383617
v 1.198554 -1.248434 -1.383611
v 1.198575 -1.494364 -1.113456
v 2.159410 -1.494307 -1.113462
v 1.198593 -1.682866 -0.800511
v 2.159427 -1.682808 -0.800518
v 1.198610 -1.806693 -0.456806
v 2.159442 -1.806634 -0.456813
v 1.198620 -1.861086 -0.095547
v 2.159452 -1.861029 -0.095554
v 1.198625 -1.843957 0.269382
v 2.159462 -1.843899 0.269374
v 1.198629 -1.755962 0.623957
v 2.159461 -1.755904 0.623950
v 1.198623 -1.600486 0.954552
v 2.159460 -1.600427 0.954545
v 1.198621 -1.383499 1.248463
v 2.159453 -1.383440 1.248455
v 1.198608 -1.113343 1.494394
v 2.159445 -1.113284 1.494388
v 1.198593 -0.800399 1.682895
v 2.159430 -0.800340 1.682888
v 2.159412 -0.456635 1.806715
v 1.198575 -0.456693 1.806723
v 1.198555 -0.095434 1.861115
v 2.159390 -0.095376 1.861108
v 1.198533 0.269495 1.843987
v 2.159370 0.269554 1.843979
v 1.198512 0.624071 1.755992
v 2.159344 0.624129 1.755985
v 2.159323 0.954725 1.600508
v 1.198488 0.954666 1.600514
v 1.198464 1.248577 1.383528
v 2.159302 1.248635 1.383521
v 2.159280 1.494566 1.113365
v 1.198446 1.494508 1.113372
v 1.198428 1.683009 0.800429
v 2.159263 1.683067 0.800422
v 1.198414 1.806835 0.456724
v 2.159248 1.806893 0.456717
v 1.198401 1.861229 0.095466
v 2.159238 1.861288 0.095460
v 1.198394 1.844100 -0.269462
v 2.159231 1.844158 -0.269469
v 1.198394 1.756106 -0.624037
v 2.159226 1.756164 -0.624043
v 2.159230 1.600688 -0.954638
v 1.198395 1.600629 -0.954631
v 1.198402 1.383645 -1.248542
v 2.159237 1.383703 -1.248549
v 1.198411 1.113489 -1.494473
v 2.159248 1.113548 -1.494479
v 1.198428 0.800546 -1.682975
v 2.159262 0.800604 -1.682981
v 1.198446 0.456841 -1.806802
v 2.159280 0.456900 -1.806808
v 1.055763 0.095569 -1.861196
v 2.309416 0.095644 -1.861207
v 2.309436 -0.269285 -1.844076
v 1.055785 -0.269361 -1.844067
v 2.309462 -0.623860 -1.756082
v 1.055809 -0.623936 -1.756073
v 1.055830 -0.954532 -1.600596
v 2.309483 -0.954456 -1.600605
v 1.055851 -1.248443 -1.383609
v 2.309504 -1.248367 -1.383619
v 1.055872 -1.494373 -1.113455
v 2.309523 -1.494297 -1.113463
v 1.055890 -1.682875 -0.800511
v 2.309543 -1.682799 -0.800519
v 1.055907 -1.806701 -0.456805
v 2.309560 -1.806625 -0.456814
v 1.055917 -1.861095 -0.095546
v 2.309570 -1.861019 -0.095555
v 2.309575 -1.843890 0.269373
v 1.055922 -1.843966 0.269382
v 1.055926 -1.755971 0.623957
v 2.309579 -1.755895 0.623948
v 1.055920 -1.600494 0.954553
v 2.309574 -1.600417 0.954544
v 1.055918 -1.383506 1.248463
v 2.309569 -1.383432 1.248454
v 1.055905 -1.113352 1.494396
v 2.309558 -1.113276 1.494387
v 2.309543 -0.800331 1.682887
v 1.055890 -0.800407 1.682897
v 1.055872 -0.456701 1.806723
v 2.309525 -0.456625 1.806714
v 1.055852 -0.095442 1.861117
v 2.309505 -0.095366 1.861107
v 2.309483 0.269564 1.843978
v 1.055830 0.269487 1.843988
v 1.055809 0.624062 1.755993
v 2.309462 0.624139 1.755984
v 1.055785 0.954657 1.600515
v 2.309436 0.954734 1.600506
v 2.309415 1.248645 1.383520
v 1.055764 1.248569 1.383528
v 1.055743 1.494500 1.113373
v 2.309396 1.494576 1.113364
v 1.055725 1.683000 0.800430
v 2.309378 1.683077 0.800421
v 1.055711 1.806826 0.456725
v 2.309364 1.806903 0.456716
v 1.055698 1.861220 0.095468
v 2.309354 1.861296 0.095459
v 1.055691 1.844091 -0.269461
v 2.309344 1.844168 -0.269470
v 1.055691 1.756097 -0.624035
v 2.309344 1.756174 -0.624044
v 1.055692 1.600621 -0.954630
v 2.309345 1.600697 -0.954639
v 1.055699 1.383636 -1.248541
v 2.309352 1.383712 -1.248549
v 2.309363 1.113557 -1.494481
v 1.055710 1.113481 -1.494472
v 1.055725 0.800538 -1.682973
v 2.309375 0.800614 -1.682983
v 1.055743 0.456833 -1.806801
v 2.309396 0.456909 -1.806810
v 1.055816 0.076962 -1.498604
v 2.300327 0.079657 -1.549199
v 2.300347 -0.224073 -1.534941
v 2.300363 -0.519185 -1.461704
v 2.300381 -0.794338 -1.332301
v 2.300395 -1.038958 -1.151704
v 2.300409 -1.243647 -0.926855
v 2.300420 -1.400536 -0.666392
v 2.300430 -1.503598 -0.380328
v 2.300431 -1.548870 -0.079653
v 2.300430 -1.534612 0.224076
v 2.300425 -1.461375 0.519188
v 2.300418 -1.331970 0.794341
v 2.300404 -1.151373 1.038962
v 2.300395 -0.926524 1.243650
v 2.300377 -0.666061 1.400539
v 2.300361 -0.379995 1.503599
v 2.300342 -0.079321 1.548871
v 2.300323 0.224409 1.534614
v 2.300305 0.519521 1.461377
v 2.300287 0.794675 1.331973
v 2.300275 1.039295 1.151376
v 2.300262 1.243983 0.926527
v 2.300251 1.400871 0.666065
v 2.300243 1.503932 0.380001
v 2.300241 1.549204 0.079327
v 2.300241 1.534948 -0.224402
v 2.300243 1.461711 -0.519513
v 2.300250 1.332308 -0.794666
v 2.300261 1.151711 -1.039287
v 2.300275 0.926862 -1.243974
v 2.300293 0.666401 -1.400864
v 2.300312 0.380336 -1.503924
v 1.957447 -1.053043 0.950217
v 1.957337 0.726796 1.218203
v 2.159298 0.100105 -1.948303
v 2.159413 -1.564245 -1.165569
v 2.159432 -1.761567 -0.837980
v 2.159459 -1.948129 -0.100024
v 2.159467 -1.838084 0.653151
v 2.159465 -1.675331 0.999218
v 2.159457 -1.448190 1.306884
v 2.159435 -0.837802 1.761647
v 2.159370 0.282162 1.930277
v 2.159344 0.653331 1.838164
v 2.159298 1.307064 1.448269
v 2.159277 1.564504 1.165471
v 2.159258 1.761826 0.837883
v 2.159243 1.891447 0.478093
v 2.159234 1.948387 0.099929
v 2.159223 1.838344 -0.653246
v 2.159230 1.448452 -1.306977
v 2.159244 1.165654 -1.564417
v 2.159275 0.478276 -1.891361
v 2.090390 1.390174 -0.494278
v 2.090394 1.332314 0.633239
v 2.090432 0.755804 1.266537
v 2.090499 -0.361340 1.429758
v 2.090410 1.095357 -0.988597
v 2.090420 0.881519 -1.183262
v 2.090404 1.183109 0.880946
v 2.090533 -0.881103 1.182539
v 2.090546 -1.182696 -0.881671
v 2.090397 1.267109 -0.755956
v 2.090557 -1.266695 0.755233
v 2.090434 0.633812 -1.332467
v 2.090521 -0.755390 -1.267262
v 2.090450 0.494126 1.389603
v 2.090519 -0.633395 1.331745
v 2.090564 -1.389761 0.493555
v 2.090419 0.988446 1.094784
v 2.090545 -1.094942 0.987875
v 2.090535 -0.988032 -1.095510
v 2.090557 -1.331902 -0.633963
v 2.090567 -1.472970 -0.075959
v 1.957354 0.358204 -1.372321
v 2.090504 -0.493710 -1.390329
v 1.957371 0.215867 1.401446
v 1.055835 -0.216872 -1.484812
v 1.055856 -0.502368 -1.413960
v 1.055869 -0.768556 -1.288773
v 1.055884 -1.005207 -1.114062
v 1.055897 -1.203225 -0.896538
v 1.055909 -1.355002 -0.644562
v 1.055913 -1.454705 -0.367818
v 1.055924 -1.498502 -0.076939
v 1.055916 -1.484709 0.216893
v 1.055912 -1.413858 0.502389
v 1.055906 -1.288671 0.768578
v 1.055893 -1.113959 1.005229
v 1.055882 -0.896434 1.203248
v 1.055867 -0.644458 1.355025
v 1.055850 -0.367714 1.454727
v 1.055833 -0.076836 1.498525
v 1.055815 0.216998 1.484732
v 1.055797 0.502494 1.413881
v 1.055782 0.768682 1.288693
v 1.055764 1.005334 1.113981
v 1.055754 1.203352 0.896457
v 1.055741 1.355129 0.644481
v 1.055738 1.454831 0.367738
v 1.055736 1.498628 0.076861
v 1.055735 1.484836 -0.216972
v 1.055738 1.413986 -0.502467
v 1.055745 1.288799 -0.768655
v 1.055757 1.114087 -1.005306
v 1.055768 0.896564 -1.203325
v 1.055784 0.644589 -1.355102
v 1.055800 0.367845 -1.454806
v 1.144777 0.076967 -1.498606
v 1.144794 -0.216866 -1.484814
v 1.144814 -0.502363 -1.413962
v 1.144827 -0.768551 -1.288775
v 1.144846 -1.005202 -1.114063
v 1.144858 -1.203221 -0.896539
v 1.144868 -1.354997 -0.644563
v 1.144871 -1.454700 -0.367819
v 1.144888 -1.498497 -0.076941
v 1.144877 -1.484704 0.216891
v 1.144871 -1.413854 0.502387
v 1.144865 -1.288666 0.768576
v 1.144854 -1.113954 1.005227
v 1.144841 -0.896429 1.203246
v 1.144826 -0.644454 1.355023
v 1.144809 -0.367709 1.454726
v 1.144794 -0.076831 1.498522
v 1.144776 0.217003 1.484730
v 1.144758 0.502499 1.413879
v 1.144741 0.768688 1.288691
v 1.144723 1.005339 1.113978
v 1.144713 1.203357 0.896455
v 1.144703 1.355134 0.644480
v 1.144697 1.454837 0.367736
v 1.144695 1.498633 0.076859
v 1.144691 1.484841 -0.216974
v 1.144697 1.413990 -0.502469
v 1.144703 1.288804 -0.768658
v 1.144716 1.114092 -1.005308
v 1.144727 0.896569 -1.203327
v 1.144742 0.644593 -1.355104
v 1.144762 0.367850 -1.454807
v 1.144778 0.051188 -0.996219
v 1.144792 -0.144140 -0.987050
v 1.144801 -0.333925 -0.939951
v 1.144816 -0.510874 -0.856733
v 1.144823 -0.668189 -0.740592
v 1.144833 -0.799823 -0.595992
v 1.144837 -0.900718 -0.428490
v 1.144843 -0.966996 -0.244523
v 1.144847 -0.996110 -0.051161
v 1.144843 -0.986941 0.144165
v 1.144841 -0.939842 0.333950
v 1.144839 -0.856624 0.510900
v 1.144831 -0.740483 0.668215
v 1.144823 -0.595882 0.799849
v 1.144812 -0.428380 0.900743
v 1.144801 -0.244413 0.967021
v 1.144792 -0.051050 0.996135
v 1.144778 0.144276 0.986966
v 1.144767 0.334061 0.939868
v 1.144755 0.511011 0.856649
v 1.144745 0.668326 0.740508
v 1.144737 0.799960 0.595908
v 1.144731 0.900854 0.428406
v 1.144727 0.967132 0.244440
v 1.144724 0.996246 0.051078
v 1.144725 0.987078 -0.144248
v 1.144727 0.939979 -0.334032
v 1.144732 0.856761 -0.510982
v 1.144737 0.740620 -0.668296
v 1.144747 0.596021 -0.799930
v 1.144758 0.428519 -0.900825
v 1.144768 0.244553 -0.967103
v 1.308479 0.051197 -0.996222
v 1.308491 -0.144129 -0.987054
v 1.308499 -0.333914 -0.939955
v 1.308514 -0.510865 -0.856736
v 1.308524 -0.668179 -0.740596
v 1.308531 -0.799813 -0.595996
v 1.308538 -0.900708 -0.428493
v 1.308541 -0.966986 -0.244527
v 1.308545 -0.996100 -0.051164
v 1.308542 -0.986931 0.144162
v 1.308539 -0.939833 0.333947
v 1.308537 -0.856614 0.510897
v 1.308527 -0.740473 0.668212
v 1.308519 -0.595873 0.799846
v 1.308508 -0.428370 0.900740
v 1.308499 -0.244403 0.967018
v 1.308488 -0.051041 0.996132
v 1.308474 0.144286 0.986963
v 1.308463 0.334071 0.939865
v 1.308453 0.511021 0.856646
v 1.308441 0.668336 0.740504
v 1.308433 0.799969 0.595905
v 1.308429 0.900864 0.428404
v 1.308423 0.967141 0.244436
v 1.308421 0.996256 0.051075
v 1.308423 0.987087 -0.144251
v 1.308425 0.939989 -0.334036
v 1.308430 0.856771 -0.510985
v 1.308435 0.740630 -0.668300
v 1.308448 0.596031 -0.799933
v 1.308456 0.428530 -0.900829
v 1.308465 0.244563 -0.967107
v 2.090579 0.871424 0.313731
v 2.090622 0.223215 0.898661
v 2.090576 0.898978 -0.223219
v 2.090654 -0.313737 0.871108
v 2.090684 -0.871114 -0.314052
v 2.090687 -0.898668 0.222898
v 2.090613 0.314050 -0.871428
v 2.090644 -0.222904 -0.898983
v -2.090682 0.314050 -0.871428
v -2.090682 0.314050 -0.871428
v -2.029518 0.341743 -1.147794
v -2.091327 0.361757 -1.430481
v -2.091327 0.361757 -1.430481
v -2.090713 -0.222904 -0.898983
v -2.090713 -0.222904 -0.898983
v -2.090709 -0.134377 -0.920952
v -2.029609 -1.147484 -0.341751
v -2.090753 -0.871114 -0.314052
v -2.090753 -0.871114 -0.314052
v -2.090756 -0.898668 0.222898
v -2.090756 -0.898668 0.222898
v -2.090757 -0.920637 0.134372
v -2.091264 1.430327 0.361184
v -2.091264 1.430327 0.361184
v -2.090648 0.871424 0.313731
v -2.090648 0.871424 0.313731
v -2.090648 0.871424 0.313731
v -2.029474 1.147787 0.341431
v -2.090645 0.898978 -0.223219
v -2.090645 0.898978 -0.223219
v -2.090645 0.898978 -0.223219
v -2.090645 0.920948 -0.134693
v -2.090645 0.920948 -0.134693
v -2.090691 0.223215 0.898661
v -2.090691 0.223215 0.898661
v -2.090698 0.134689 0.920631
v -2.152477 -0.351715 0.209702
v -2.152480 -0.385896 0.137022
v -2.152466 -0.209703 -0.352035
v -2.152463 -0.137024 -0.386216
v -2.090688 0.228237 -0.902344
v -2.090699 0.047845 -0.929505
v -2.152447 0.100578 -0.397368
v -2.152443 0.176140 -0.370145
v -2.152453 0.059391 0.405239
v -2.152457 -0.020837 0.409004
v -2.090719 -0.227924 0.902023
v -2.090708 -0.047534 0.929184
v -2.152432 0.352033 -0.210022
v -2.152432 0.386214 -0.137343
v -2.090645 0.929501 0.047529
v -2.090645 0.929501 0.047529
v -2.090645 0.902340 0.227919
v -2.090645 0.902340 0.227919
v -2.152430 0.405560 -0.059391
v -2.152428 0.409325 0.020836
v -2.152429 0.397367 0.100257
v -2.090757 -0.929191 -0.047850
v -2.090757 -0.902030 -0.228240
v -2.152458 -0.059072 -0.405561
v -2.152450 0.021156 -0.409327
v -2.152478 -0.405241 0.059071
v -2.152463 -0.100258 0.397047
v -2.152464 -0.175820 0.369823
v -2.152478 -0.409007 -0.021157
v -2.152478 -0.397049 -0.100578
v -1.144895 -0.644454 1.355023
v -1.144878 -0.367709 1.454726
v -1.144863 -0.076831 1.498522
v -1.144845 0.217003 1.484730
v -1.144910 -0.896429 1.203246
v -1.198466 1.948328 0.099936
v -1.198461 1.930397 -0.282070
v -1.198493 1.761767 0.837890
v -1.198478 1.891388 0.478100
v -1.198458 1.838285 -0.653239
v -1.144848 0.051188 -0.996219
v -1.144861 -0.144140 -0.987050
v -1.144885 -0.510874 -0.856733
v -1.144892 -0.668189 -0.740592
v -1.144870 -0.333925 -0.939951
v -1.055853 0.644589 -1.355102
v -1.055870 0.367845 -1.454805
v -1.198471 1.383645 -1.248542
v -1.198480 1.113489 -1.494473
v -2.159299 1.600688 -0.954638
v -2.159295 1.756164 -0.624043
v -2.159306 1.383703 -1.248549
v -2.159317 1.113548 -1.494479
v -1.055974 -1.113352 1.494396
v -1.055959 -0.800407 1.682896
v -1.055987 -1.383506 1.248463
v -2.309627 -1.113276 1.494386
v -2.309638 -1.383432 1.248454
v -2.309594 -0.456625 1.806714
v -2.309612 -0.800331 1.682886
v -2.090554 -0.075389 1.472813
v -2.091342 0.213465 1.459254
v -2.091342 0.213465 1.459254
v -2.090456 1.473383 0.075235
v -2.029466 1.176726 -0.222480
v -1.308560 -0.144129 -0.987054
v -1.308568 -0.333914 -0.939955
v -2.159439 -0.999138 -1.675507
v -2.159413 -0.653071 -1.838260
v -2.159292 1.838344 -0.653246
v -2.159293 1.930456 -0.282078
v -2.159504 -0.837802 1.761647
v -2.159482 -0.478011 1.891268
v -2.309573 -1.248367 -1.383619
v -2.309552 -0.954456 -1.600605
v -2.309530 -0.623860 -1.756082
v -1.055899 -0.954532 -1.600596
v -1.055920 -1.248443 -1.383609
v -1.055941 -1.494373 -1.113455
v -1.957394 0.847695 -1.137739
v -1.957410 0.609478 -1.281229
v -1.198681 -1.165449 1.564331
v -1.198667 -0.837860 1.761654
v -1.198695 -1.448248 1.306891
v -2.159516 -1.165391 1.564324
v -2.159527 -1.448190 1.306884
v -1.144814 0.668326 0.740508
v -1.144807 0.799960 0.595908
v -1.144800 0.900854 0.428406
v -1.144796 0.967132 0.244440
v -1.144824 0.511011 0.856649
v -2.300381 0.380336 -1.503924
v -2.300362 0.666401 -1.400864
v -2.300344 0.926862 -1.243974
v -2.300330 1.151711 -1.039286
v -2.300395 0.079657 -1.549199
v -1.198533 1.248577 1.383528
v -1.198515 1.494508 1.113372
v -1.198557 0.954666 1.600514
v -2.159370 1.248635 1.383521
v -2.159392 0.954725 1.600508
v -1.198498 1.683009 0.800429
v -1.308609 -0.939833 0.333947
v -1.308606 -0.856614 0.510897
v -1.308588 -0.595873 0.799846
v -1.308577 -0.428370 0.900740
v -1.308596 -0.740473 0.668212
v -1.308611 -0.986931 0.144162
v -2.300344 1.039295 1.151376
v -2.300356 0.794675 1.331973
v -2.300374 0.519521 1.461377
v -2.300392 0.224409 1.534614
v -2.300320 1.400871 0.666064
v -2.300331 1.243983 0.926527
v -1.957516 -1.053043 0.950217
v -1.957505 -0.847397 1.137423
v -2.159459 -0.095376 1.861108
v -2.159481 -0.456635 1.806715
v -2.159499 -0.800340 1.682888
v -1.198645 -0.456693 1.806723
v -1.198624 -0.095434 1.861115
v -1.198602 0.269495 1.843987
v -1.055885 0.076962 -1.498603
v -1.055905 -0.216872 -1.484812
v -1.055925 -0.502368 -1.413960
v -1.055938 -0.768557 -1.288773
v -1.957471 -0.357839 1.372025
v -1.957471 -0.357839 1.372025
v -2.029564 -0.341440 1.147475
v -1.198666 -1.761624 -0.837972
v -1.198681 -1.891247 -0.478182
v -1.198627 -1.306863 -1.448360
v -1.198647 -1.564302 -1.165562
v -2.159516 -1.891189 -0.478189
v -2.159501 -1.761567 -0.837980
v -1.144816 0.596021 -0.799930
v -1.144827 0.428519 -0.900825
v -1.144837 0.244553 -0.967103
v -1.144806 0.740620 -0.668296
v -1.957383 1.053340 -0.950533
v -1.957396 0.950525 1.053030
v -1.957406 0.726796 1.218203
v -1.957373 1.281220 0.609168
v -1.957383 1.137731 0.847384
v -1.308502 0.799969 0.595905
v -1.308499 0.900864 0.428404
v -1.308490 0.996256 0.051075
v -1.308492 0.987087 -0.144251
v -1.308492 0.967141 0.244436
v -1.308522 0.511021 0.856646
v -1.308510 0.668336 0.740504
v -1.055985 -1.484709 0.216893
v -1.055982 -1.413858 0.502389
v -1.055975 -1.288671 0.768578
v -1.198693 -1.600486 0.954552
v -1.198690 -1.383499 1.248463
v -1.198698 -1.755962 0.623957
v -2.159529 -1.600427 0.954545
v -2.159531 -1.755904 0.623950
v -2.159522 -1.383440 1.248455
v -2.300494 -1.461375 0.519188
v -2.300498 -1.534612 0.224076
v -2.300499 -1.503598 -0.380328
v -2.300488 -1.400536 -0.666392
v -2.300500 -1.548870 -0.079653
v -2.300473 -1.151373 1.038962
v -2.300487 -1.331970 0.794341
v -2.309422 1.383712 -1.248549
v -2.309414 1.600697 -0.954639
v -2.309413 1.756173 -0.624044
v -1.055761 1.600621 -0.954630
v -1.055768 1.383636 -1.248540
v -1.055779 1.113481 -1.494472
v -2.091261 1.459824 -0.213619
v -2.091261 1.459824 -0.213619
v -2.029553 -0.222169 -1.176733
v -2.090723 -0.313737 0.871108
v -2.090723 -0.313737 0.871108
v -2.152436 0.244939 -0.328704
v -2.152431 0.304331 -0.274637
v -1.055959 -1.682875 -0.800511
v -1.055976 -1.806701 -0.456805
v -2.309592 -1.494297 -1.113463
v -2.309629 -1.806625 -0.456814
v -2.309612 -1.682799 -0.800519
v -1.144957 -1.498497 -0.076941
v -1.144946 -1.484704 0.216891
v -1.144923 -1.113954 1.005227
v -1.144940 -1.413854 0.502387
v -1.144934 -1.288666 0.768576
v -1.144940 -1.454700 -0.367819
v -2.029530 0.222472 1.176413
v -2.091439 -1.429915 -0.361909
v -2.091439 -1.429915 -0.361909
v -2.090636 -1.472970 -0.075959
v -2.159317 1.806893 0.456717
v -2.159332 1.683067 0.800422
v -2.159349 1.494566 1.113365
v -1.198483 1.806835 0.456724
v -2.159307 1.861288 0.095460
v -2.159300 1.448452 -1.306977
v -2.159294 1.675592 -0.999312
v -1.198460 1.675534 -0.999305
v -1.198467 1.448393 -1.306970
v -1.198476 1.165595 -1.564410
v -1.198627 -0.099904 1.948215
v -1.198602 0.282103 1.930284
v -1.198650 -0.478069 1.891275
v -2.159461 -0.099845 1.948207
v -2.159367 0.100105 -1.948303
v -2.159344 0.478276 -1.891361
v -2.159312 1.891447 0.478093
v -2.159328 1.761826 0.837883
v -2.159347 1.564504 1.165471
v -2.159368 1.307064 1.448269
v -2.159392 0.999398 1.675410
v -1.144870 -0.244413 0.967021
v -1.144861 -0.051050 0.996135
v -1.144836 0.334061 0.939868
v -1.144848 0.144276 0.986966
v -1.144881 -0.428380 0.900743
v -1.198497 0.800546 -1.682975
v -1.198515 0.456841 -1.806801
v -2.159331 0.800604 -1.682980
v -2.159349 0.456900 -1.806808
v -1.957365 1.336863 -0.475152
v -1.957375 1.218512 -0.726805
v -1.144796 0.896569 -1.203327
v -1.144812 0.644593 -1.355104
v -1.144831 0.367850 -1.454807
v -1.144846 0.076967 -1.498606
v -1.144785 1.114092 -1.005308
v -1.055921 -0.095442 1.861117
v -1.055899 0.269487 1.843987
v -1.055942 -0.456701 1.806723
v -2.309574 -0.095366 1.861107
v -2.309531 0.624139 1.755984
v -2.309552 0.269564 1.843978
v -2.159413 0.653331 1.838164
v -2.159439 0.282162 1.930277
v -2.159302 1.948387 0.099929
v -1.957459 -0.215491 -1.401781
v -1.957459 -0.215491 -1.401781
v -1.957423 0.358204 -1.372321
v -1.957423 0.358204 -1.372321
v -2.091361 -0.213052 -1.459978
v -2.091361 -0.213052 -1.459978
v -1.055827 1.114087 -1.005306
v -1.055838 0.896564 -1.203325
v -1.055814 1.288799 -0.768655
v -1.144764 1.498633 0.076859
v -1.144760 1.484841 -0.216974
v -1.144773 1.288804 -0.768657
v -1.144766 1.413991 -0.502469
v -1.144766 1.454836 0.367736
v -1.957526 -1.218216 0.726489
v -1.055854 0.954657 1.600515
v -1.055833 1.248569 1.383529
v -1.055878 0.624062 1.755993
v -2.309505 0.954734 1.600506
v -1.055812 1.494500 1.113372
v -1.308535 0.244563 -0.967107
v -1.308548 0.051197 -0.996222
v -1.198581 0.653273 1.838171
v -1.198555 0.999339 1.675417
v -1.198533 1.307005 1.448277
v -2.159482 -1.564245 -1.165569
v -2.159327 0.838066 -1.761739
v -2.159312 1.165654 -1.564416
v -1.198493 0.838007 -1.761733
v -1.198512 0.478218 -1.891356
v -2.159392 -0.269294 -1.844076
v -2.159367 0.095635 -1.861204
v -1.144908 -0.856624 0.510900
v -1.144900 -0.740482 0.668215
v -1.144892 -0.595882 0.799849
v -1.144910 -0.939842 0.333950
v -1.957363 1.401731 -0.216000
v -1.957363 1.401731 -0.216000
v -2.152468 -0.274318 -0.304332
v -2.152476 -0.328385 -0.244939
v -1.144915 -1.005202 -1.114063
v -1.144927 -1.203221 -0.896539
v -1.144937 -1.354997 -0.644563
v -1.144884 -0.502363 -1.413962
v -1.144897 -0.768551 -1.288775
v -2.152433 0.370144 0.175819
v -2.152434 0.328703 0.244617
v -2.152439 0.274636 0.304009
v -1.198463 1.844100 -0.269462
v -1.198463 1.756106 -0.624037
v -1.198470 1.861229 0.095466
v -2.159300 1.844158 -0.269469
v -1.198465 1.600629 -0.954631
v -1.198535 0.095577 -1.861198
v -2.090568 -0.361340 1.429758
v -2.090568 -0.361340 1.429758
v -1.957478 -0.474847 -1.336873
v -1.055804 1.484836 -0.216972
v -1.055807 1.413986 -0.502467
v -1.055807 1.454831 0.367738
v -1.055805 1.498628 0.076861
v -2.309649 -1.755895 0.623948
v -2.309644 -1.843890 0.269373
v -1.055986 -1.861095 -0.095546
v -1.055991 -1.843966 0.269382
v -2.309639 -1.861019 -0.095555
v -1.055995 -1.755971 0.623958
v -1.055990 -1.600493 0.954553
v -2.159413 0.624129 1.755984
v -2.159439 0.269554 1.843979
v -1.198581 0.624071 1.755992
v -1.308593 -0.668179 -0.740595
v -1.308601 -0.799813 -0.595996
v -1.308611 -0.966986 -0.244527
v -1.308614 -0.996100 -0.051164
v -1.308607 -0.900708 -0.428493
v -1.308583 -0.510865 -0.856736
v -1.055760 1.844091 -0.269461
v -1.055760 1.756097 -0.624035
v -1.055767 1.861220 0.095468
v -2.309413 1.844168 -0.269470
v -2.309423 1.861296 0.095459
v -1.055854 -0.269361 -1.844067
v -1.055878 -0.623936 -1.756073
v -1.055832 0.095569 -1.861196
v -2.309505 -0.269285 -1.844076
v -1.198644 -1.494364 -1.113456
v -1.198662 -1.682866 -0.800511
v -1.198602 -0.954523 -1.600598
v -1.198623 -1.248434 -1.383611
v -2.159479 -1.494307 -1.113462
v -2.159460 -1.248376 -1.383617
v -2.159496 -1.682808 -0.800518
v -2.090538 0.075803 -1.473537
v -1.055884 0.216998 1.484732
v -1.055867 0.502494 1.413881
v -1.055833 1.005334 1.113981
v -1.055823 1.203352 0.896457
v -1.055851 0.768682 1.288693
v -2.029617 -1.176422 0.222160
v -2.300312 1.461711 -0.519513
v -2.300310 1.534948 -0.224402
v -2.300312 1.503932 0.380001
v -2.300311 1.549204 0.079327
v -2.300319 1.332308 -0.794666
v -2.159533 -1.930197 0.281983
v -2.159528 -1.948129 -0.100024
v -1.198691 -1.948186 -0.100017
v -1.198701 -1.930255 0.281990
v -1.198704 -1.838143 0.653159
v -1.198702 -1.675389 0.999226
v -1.144792 0.996246 0.051078
v -1.144794 0.987078 -0.144248
v -1.144796 0.939979 -0.334032
v -1.144801 0.856761 -0.510982
v -2.159534 -1.675331 0.999218
v -2.159537 -1.838084 0.653152
v -2.159461 -1.306803 -1.448366
v -2.159391 -0.281903 -1.930373
v -1.957490 -0.609180 1.280912
v -1.198581 -0.623928 -1.756074
v -1.198555 -0.269352 -1.844069
v -2.159413 -0.623869 -1.756079
v -2.159439 -0.954464 -1.600602
v -2.091440 -1.459412 0.212895
v -2.091440 -1.459412 0.212895
v -1.144810 0.768688 1.288691
v -1.144792 1.005339 1.113979
v -1.144782 1.203357 0.896455
v -1.144772 1.355134 0.644480
v -1.144828 0.502499 1.413879
v -1.308494 0.939989 -0.334036
v -1.308499 0.856771 -0.510985
v -1.308525 0.428530 -0.900829
v -1.308504 0.740630 -0.668300
v -1.308517 0.596031 -0.799933
v -2.300411 -0.079321 1.548871
v -2.300430 -0.379995 1.503599
v -2.300464 -0.926524 1.243650
v -2.300446 -0.666061 1.400539
v -2.309643 -1.600418 0.954544
v -1.144863 -0.216866 -1.484814
v -2.159531 -1.843899 0.269374
v -2.159521 -1.861029 -0.095554
v -2.159511 -1.806634 -0.456813
v -1.198689 -1.861086 -0.095547
v -1.198694 -1.843957 0.269382
v -2.300464 -1.038958 -1.151704
v -2.300450 -0.794338 -1.332301
v -2.300416 -0.224073 -1.534941
v -2.300432 -0.519185 -1.461704
v -2.300478 -1.243647 -0.926855
v -1.144906 -0.900718 -0.428490
v -1.144912 -0.966996 -0.244523
v -1.144912 -0.986941 0.144165
v -1.144916 -0.996110 -0.051161
v -1.144902 -0.799823 -0.595992
v -1.308557 -0.051041 0.996132
v -1.308543 0.144286 0.986963
v -1.308532 0.334071 0.939865
v -1.308568 -0.244403 0.967018
v -1.055811 1.355129 0.644481
v -2.152441 0.210022 0.351713
v -2.152445 0.137342 0.385894
v -2.152471 -0.244620 0.328383
v -2.152471 -0.304012 0.274316
v -1.957424 0.475143 1.336554
v -1.957440 0.215867 1.401446
v -1.957440 0.215867 1.401446
v -1.055812 0.456833 -1.806801
v -1.055794 0.800538 -1.682973
v -2.309445 0.800614 -1.682983
v -2.309432 1.113557 -1.494481
v -2.309485 0.095644 -1.861206
v -2.309465 0.456909 -1.806810
v -1.198677 -1.113343 1.494394
v -1.198662 -0.800399 1.682895
v -2.159514 -1.113284 1.494387
v -1.055951 -0.896434 1.203248
v -1.055936 -0.644458 1.355025
v -1.055920 -0.367714 1.454727
v -1.055902 -0.076836 1.498524
v -1.055962 -1.113959 1.005229
v -1.055954 -1.005207 -1.114062
v -1.055966 -1.203225 -0.896538
v -1.055982 -1.454705 -0.367818
v -1.055993 -1.498502 -0.076939
v -1.055978 -1.355002 -0.644562
v -1.055794 1.683000 0.800430
v -1.055780 1.806826 0.456725
v -2.309465 1.494576 1.113364
v -2.309484 1.248645 1.383520
v -2.309448 1.683077 0.800421
v -2.309433 1.806903 0.456716
v -1.198512 1.564445 1.165478
v -1.957518 -1.137436 -0.847704
v -1.957506 -0.950230 -1.053350
v -1.957492 -0.726501 -1.218522
v -1.957532 -1.336568 0.474836
v -1.198581 -0.653130 -1.838253
v -1.198602 -0.999196 -1.675500
v -1.198532 0.100047 -1.948296
v -1.198555 -0.281961 -1.930366
v -1.957530 -1.371976 -0.358345
v -1.957530 -1.371976 -0.358345
v -1.957524 -1.280925 -0.609486
v -1.198679 -1.806692 -0.456806
v -1.957534 -1.401506 0.215324
v -1.957534 -1.401506 0.215324
v -1.957367 1.372378 0.357677
v -1.957367 1.372378 0.357677
v -2.152479 -0.369826 -0.176140
v 1.957465 -1.401506 0.215324
v 1.957465 -1.401506 0.215324
v 2.029547 -1.176422 0.222160
v 2.090613 0.314050 -0.871428
v 2.090613 0.314050 -0.871428
v 2.090618 0.228237 -0.902344
v 2.091371 -1.459412 0.212895
v 2.091371 -1.459412 0.212895
v 2.091370 -1.429915 -0.361909
v 2.091370 -1.429915 -0.361909
v 1.957461 -1.371976 -0.358345
v 1.957461 -1.371976 -0.358345
v 1.957354 0.358204 -1.372321
v 1.957354 0.358204 -1.372321
v 2.029449 0.341743 -1.147794
v 2.090684 -0.871114 -0.314052
v 2.090684 -0.871114 -0.314052
v 2.090688 -0.902030 -0.228240
v 2.090638 -0.047534 0.929184
v 2.090628 0.134689 0.920631
v 1.957455 -1.280925 -0.609486
v 1.957449 -1.137436 -0.847704
v 2.091192 1.459824 -0.213619
v 2.091192 1.459824 -0.213619
v 1.957294 1.401731 -0.216000
v 1.957294 1.401731 -0.216000
v 2.090630 0.047845 -0.929505
v 2.090640 -0.134377 -0.920952
v 1.957409 -0.474847 -1.336873
v 1.957422 -0.726501 -1.218522
v 2.090654 -0.313737 0.871108
v 2.090654 -0.313737 0.871108
v 2.090650 -0.227924 0.902023
v 1.957298 1.372378 0.357677
v 1.957298 1.372378 0.357677
v 1.957304 1.281220 0.609168
v 2.152381 0.021156 -0.409327
v 2.152377 0.100578 -0.397368
v 2.152363 0.304331 -0.274637
v 2.152363 0.352033 -0.210022
v 2.152360 0.405560 -0.059391
v 2.152359 0.409325 0.020836
v 2.152360 0.397367 0.100257
v 2.152364 0.370144 0.175819
v 2.152376 0.137342 0.385894
v 2.152384 0.059391 0.405239
v 2.152388 -0.020837 0.409005
v 2.152394 -0.100258 0.397047
v 2.152395 -0.175820 0.369823
v 2.152402 -0.244620 0.328383
v 2.152402 -0.304012 0.274316
v 2.152408 -0.351715 0.209702
v 2.152408 -0.405241 0.059071
v 2.152410 -0.409007 -0.021157
v 2.152409 -0.397049 -0.100578
v 2.152410 -0.369826 -0.176140
v 2.152407 -0.328385 -0.244939
v 2.152393 -0.137024 -0.386216
v 2.152390 -0.059072 -0.405561
v 1.957314 1.137731 0.847384
v 1.957327 0.950525 1.053030
v 2.029404 1.147787 0.341431
v 2.091195 1.430327 0.361184
v 2.091195 1.430327 0.361184
v 2.090386 1.473383 0.075235
v 2.029541 -1.147484 -0.341751
v 1.957463 -1.336568 0.474836
v 2.090499 -0.361340 1.429758
v 2.090499 -0.361340 1.429758
v 2.159344 -0.653071 -1.838260
v 2.159322 -0.281903 -1.930373
v 2.159392 -1.306803 -1.448366
v 2.159369 -0.999138 -1.675507
v 1.198632 -1.930255 0.281990
v 1.198635 -1.838143 0.653159
v 1.198633 -1.675389 0.999226
v 1.198625 -1.448248 1.306891
v 1.198581 -0.478069 1.891275
v 1.198558 -0.099904 1.948215
v 1.198463 1.307005 1.448277
v 1.198443 1.564445 1.165478
v 1.198407 1.165595 -1.564410
v 1.198424 0.838007 -1.761733
v 1.198443 0.478218 -1.891356
v 1.198464 0.100047 -1.948297
v 1.198466 0.095577 -1.861198
v 1.198486 -0.269352 -1.844069
v 2.159391 -1.248375 -1.383617
v 2.159370 -0.954464 -1.600602
v 1.198554 -1.248434 -1.383611
v 1.198575 -1.494364 -1.113456
v 1.198593 -1.682866 -0.800511
v 1.198610 -1.806693 -0.456806
v 2.159442 -1.806634 -0.456813
v 2.159427 -1.682808 -0.800518
v 1.198620 -1.861086 -0.095547
v 2.159461 -1.755904 0.623950
v 2.159462 -1.843899 0.269374
v 2.159430 -0.800340 1.682888
v 2.159445 -1.113284 1.494388
v 2.159323 0.954725 1.600508
v 2.159344 0.624129 1.755985
v 2.159280 1.494566 1.113365
v 2.159302 1.248635 1.383521
v 1.198414 1.806835 0.456724
v 1.198401 1.861229 0.095466
v 2.159226 1.756164 -0.624043
v 2.159231 1.844158 -0.269469
v 1.198395 1.600629 -0.954631
v 1.198402 1.383645 -1.248542
v 2.159298 0.095635 -1.861204
v 2.159280 0.456900 -1.806808
v 2.309436 -0.269285 -1.844076
v 2.309416 0.095644 -1.861207
v 1.055809 -0.623936 -1.756073
v 1.055830 -0.954532 -1.600596
v 2.309543 -1.682799 -0.800519
v 2.309523 -1.494297 -1.113463
v 1.055907 -1.806701 -0.456805
v 1.055917 -1.861095 -0.095546
v 2.309570 -1.861019 -0.095555
v 2.309560 -1.806625 -0.456814
v 1.055922 -1.843966 0.269382
v 1.055926 -1.755971 0.623957
v 2.309543 -0.800331 1.682887
v 2.309558 -1.113276 1.494387
v 1.055890 -0.800407 1.682897
v 1.055872 -0.456701 1.806723
v 2.309483 0.269564 1.843978
v 2.309505 -0.095366 1.861107
v 1.055830 0.269487 1.843988
v 1.055809 0.624062 1.755993
v 2.309415 1.248645 1.383520
v 2.309436 0.954734 1.600506
v 1.055743 1.494500 1.113373
v 1.055725 1.683000 0.800430
v 1.055711 1.806826 0.456725
v 1.055698 1.861220 0.095468
v 2.309354 1.861296 0.095459
v 2.309364 1.806903 0.456716
v 1.055691 1.756097 -0.624035
v 1.055692 1.600621 -0.954630
v 2.309363 1.113557 -1.494481
v 2.309352 1.383712 -1.248549
v 1.055725 0.800538 -1.682973
v 1.055743 0.456833 -1.806801
v 2.309396 0.456909 -1.806810
v 2.309375 0.800614 -1.682983
v 2.300363 -0.519185 -1.461704
v 2.300347 -0.224073 -1.534941
v 2.300409 -1.243647 -0.926855
v 2.300395 -1.038958 -1.151704
v 2.300431 -1.548870 -0.079653
v 2.300430 -1.503598 -0.380328
v 2.300418 -1.331970 0.794341
v 2.300425 -1.461375 0.519188
v 2.300377 -0.666061 1.400539
v 2.300395 -0.926524 1.243650
v 2.300262 1.243983 0.926527
v 2.300275 1.039295 1.151376
v 2.300241 1.549204 0.079327
v 2.300243 1.503932 0.380001
v 2.300250 1.332308 -0.794666
v 2.300243 1.461711 -0.519513
v 1.055800 0.367845 -1.454806
v 1.055816 0.076962 -1.498604
v 1.055768 0.896564 -1.203325
v 1.055784 0.644589 -1.355102
v 1.055738 1.413986 -0.502467
v 1.055745 1.288799 -0.768655
v 1.055736 1.498628 0.076861
v 1.055735 1.484836 -0.216972
v 1.055741 1.355129 0.644481
v 1.055738 1.454831 0.367738
v 1.055782 0.768682 1.288693
v 1.055764 1.005334 1.113981
v 1.055833 -0.076836 1.498525
v 1.055815 0.216998 1.484732
v 1.055893 -1.113959 1.005229
v 1.055882 -0.896434 1.203248
v 1.055924 -1.498502 -0.076939
v 1.055916 -1.484709 0.216893
v 1.055909 -1.355002 -0.644562
v 1.055913 -1.454705 -0.367818
v 2.159435 -0.837802 1.761647
v 2.159447 -1.165391 1.564325
v 2.159225 1.675592 -0.999312
v 2.159223 1.838344 -0.653246
v 2.159243 1.891447 0.478093
v 2.159234 1.948387 0.099929
v 1.957337 0.726796 1.218203
v 1.957355 0.475143 1.336554
v 2.029461 0.222472 1.176413
v 1.957371 0.215867 1.401446
v 1.957371 0.215867 1.401446
v 2.091258 0.361757 -1.430481
v 2.091258 0.361757 -1.430481
v 2.091273 0.213465 1.459254
v 2.091273 0.213465 1.459254
v 1.144742 0.644593 -1.355104
v 1.144762 0.367850 -1.454807
v 1.144697 1.413990 -0.502469
v 1.144703 1.288804 -0.768658
v 1.144703 1.355134 0.644480
v 1.144697 1.454837 0.367736
v 1.144776 0.217003 1.484730
v 1.144758 0.502499 1.413879
v 1.144865 -1.288666 0.768576
v 1.144854 -1.113954 1.005227
v 1.144877 -1.484704 0.216891
v 1.144871 -1.413854 0.502387
v 1.144827 -0.768551 -1.288775
v 1.144846 -1.005202 -1.114063
v 1.144732 0.856761 -0.510982
v 1.144737 0.740620 -0.668296
v 1.144778 0.144276 0.986966
v 1.144767 0.334061 0.939868
v 1.144843 -0.966996 -0.244523
v 1.144847 -0.996110 -0.051161
v 1.144823 -0.668189 -0.740592
v 1.144833 -0.799823 -0.595992
v 1.144792 -0.144140 -0.987050
v 1.144801 -0.333925 -0.939951
v 1.308448 0.596031 -0.799933
v 1.308456 0.428530 -0.900829
v 1.308429 0.900864 0.428404
v 1.308423 0.967141 0.244436
v 1.308441 0.668336 0.740504
v 1.308433 0.799969 0.595905
v 1.308499 -0.244403 0.967018
v 1.308488 -0.051041 0.996132
v 1.308537 -0.856614 0.510897
v 1.308527 -0.740473 0.668212
v 1.308545 -0.996100 -0.051164
v 1.308542 -0.986931 0.144162
v 1.308531 -0.799813 -0.595996
v 1.308538 -0.900708 -0.428493
v 1.308514 -0.510865 -0.856736
v 1.308524 -0.668179 -0.740596
v 1.308479 0.051197 -0.996222
v 1.308491 -0.144129 -0.987054
v 2.159275 0.478276 -1.891361
v 2.159258 0.838066 -1.761740
v 2.159459 -1.948129 -0.100024
v 2.159447 -1.891189 -0.478189
v 2.159467 -1.838084 0.653151
v 2.159464 -1.930197 0.281983
v 2.159465 -1.675331 0.999218
v 2.159457 -1.448190 1.306884
v 2.159230 1.448452 -1.306977
v 2.159244 1.165654 -1.564417
v 2.159370 0.282162 1.930277
v 2.159392 -0.099845 1.948207
v 1.957402 -0.357839 1.372025
v 1.957402 -0.357839 1.372025
v 1.198533 -0.999196 -1.675500
v 1.198557 -1.306863 -1.448360
v 1.198485 -0.281961 -1.930366
v 1.198512 -0.653130 -1.838253
v 1.957457 -1.218216 0.726489
v 1.957437 -0.950230 -1.053350
v 2.090687 -0.898668 0.222898
v 2.090687 -0.898668 0.222898
v 2.159277 1.564504 1.165471
v 2.159298 1.307064 1.448269
v 1.198424 1.761767 0.837890
v 2.309378 1.683077 0.800421
v 2.309396 1.494576 1.113364
v 1.055869 -0.768556 -1.288773
v 1.055884 -1.005207 -1.114062
v 1.055897 -1.203225 -0.896538
v 1.957420 -0.609180 1.280912
v 2.090469 0.075803 -1.473537
v 2.091291 -0.213052 -1.459978
v 2.091291 -0.213052 -1.459978
v 1.055906 -1.288671 0.768578
v 1.055867 -0.644458 1.355025
v 1.055850 -0.367714 1.454727
v 1.198593 -0.800399 1.682895
v 1.198575 -0.456693 1.806723
v 2.159453 -1.383440 1.248455
v 1.198621 -1.383499 1.248463
v 1.198608 -1.113343 1.494394
v 1.055710 1.113481 -1.494472
v 1.055763 0.095569 -1.861196
v 2.152372 0.210022 0.351713
v 2.152370 0.274636 0.304009
v 1.055754 1.203352 0.896457
v 1.308508 -0.428370 0.900740
v 1.308474 0.144286 0.986963
v 1.308463 0.334071 0.939865
v 1.308453 0.511021 0.856646
v 1.144837 -0.900718 -0.428490
v 1.144843 -0.986941 0.144165
v 1.144841 -0.939842 0.333950
v 2.300420 -1.400536 -0.666392
v 2.300381 -0.794338 -1.332301
v 2.300327 0.079657 -1.549199
v 1.198625 -1.843957 0.269382
v 1.198629 -1.755962 0.623957
v 2.159452 -1.861029 -0.095554
v 1.144777 0.076967 -1.498606
v 1.144794 -0.216866 -1.484814
v 1.144814 -0.502363 -1.413962
v 2.309569 -1.383432 1.248454
v 2.309574 -1.600417 0.954544
v 2.309579 -1.755895 0.623948
v 1.055920 -1.600494 0.954553
v 1.055918 -1.383506 1.248463
v 2.300323 0.224409 1.534614
v 2.300342 -0.079321 1.548871
v 2.300361 -0.379995 1.503599
v 2.300404 -1.151373 1.038962
v 1.308423 0.987087 -0.144251
v 1.308425 0.939989 -0.334036
v 1.308430 0.856771 -0.510985
v 1.308435 0.740630 -0.668300
v 1.308465 0.244563 -0.967107
v 1.144741 0.768688 1.288691
v 1.144723 1.005339 1.113978
v 1.144713 1.203357 0.896455
v 2.090567 -1.472970 -0.075959
v 2.159344 -0.623869 -1.756079
v 2.159323 -0.269294 -1.844076
v 1.198512 -0.623928 -1.756074
v 1.198533 -0.954523 -1.600597
v 1.957436 -0.847397 1.137423
v 1.957306 1.218512 -0.726805
v 1.957314 1.053340 -0.950533
v 2.159298 0.100105 -1.948303
v 2.159413 -1.564245 -1.165569
v 1.144727 0.967132 0.244440
v 1.144724 0.996246 0.051078
v 1.144725 0.987078 -0.144248
v 1.144727 0.939979 -0.334032
v 1.198622 -1.948186 -0.100017
v 1.198612 -1.891247 -0.478182
v 2.300261 1.151711 -1.039287
v 2.300241 1.534948 -0.224402
v 2.300251 1.400871 0.666065
v 2.029397 1.176726 -0.222480
v 2.090579 0.871424 0.313731
v 2.090579 0.871424 0.313731
v 2.090579 0.871424 0.313731
v 2.090576 0.902340 0.227919
v 2.090576 0.902340 0.227919
v 1.055797 0.502494 1.413881
v 2.090644 -0.222904 -0.898983
v 2.090644 -0.222904 -0.898983
v 2.159410 -1.494307 -1.113462
v 2.309462 -0.623860 -1.756082
v 1.055785 -0.269361 -1.844067
v 2.309344 1.756174 -0.624044
v 2.309344 1.844168 -0.269470
v 1.055691 1.844091 -0.269461
v 1.308499 -0.333914 -0.939955
v 1.308541 -0.966986 -0.244527
v 1.198512 0.624071 1.755992
v 1.198488 0.954666 1.600514
v 1.198533 0.269495 1.843987
v 2.159370 0.269554 1.843979
v 2.159390 -0.095376 1.861108
v 2.309575 -1.843890 0.269373
v 1.957390 -0.215491 -1.401780
v 1.957390 -0.215491 -1.401780
v 2.090622 0.223215 0.898661
v 2.090622 0.223215 0.898661
v 2.090484 -0.075389 1.472813
v 1.198446 0.456841 -1.806802
v 1.198394 1.756106 -0.624037
v 2.159238 1.861288 0.095460
v 1.198394 1.844100 -0.269462
v 2.152364 0.328703 0.244617
v 1.144858 -1.203221 -0.896539
v 1.144868 -1.354997 -0.644563
v 1.144871 -1.454700 -0.367819
v 2.152399 -0.274318 -0.304332
v 2.152397 -0.209703 -0.352035
v 1.957296 1.336863 -0.475152
v 1.144839 -0.856624 0.510900
v 1.144831 -0.740483 0.668215
v 1.144823 -0.595882 0.799849
v 1.144812 -0.428380 0.900743
v 2.159432 -1.761567 -0.837980
v 1.198486 0.999339 1.675418
v 1.198533 0.282103 1.930284
v 1.198512 0.653273 1.838171
v 1.055764 1.248569 1.383528
v 2.309462 0.624139 1.755984
v 1.055785 0.954657 1.600515
v 1.957447 -1.053043 0.950217
v 1.144695 1.498633 0.076859
v 1.144691 1.484841 -0.216974
v 1.144716 1.114092 -1.005308
v 1.055757 1.114087 -1.005306
v 1.957341 0.609478 -1.281229
v 2.029484 -0.222170 -1.176733
v 2.159323 0.999398 1.675410
v 2.159344 0.653331 1.838164
v 2.159224 1.930456 -0.282078
v 2.309525 -0.456625 1.806714
v 1.055852 -0.095442 1.861117
v 1.144727 0.896569 -1.203327
v 2.159262 0.800604 -1.682981
v 2.159248 1.113548 -1.494479
v 1.198411 1.113489 -1.494473
v 1.198428 0.800546 -1.682975
v 1.144801 -0.244413 0.967021
v 1.144792 -0.051050 0.996135
v 1.144755 0.511011 0.856649
v 2.159258 1.761826 0.837883
v 2.159413 -0.478011 1.891268
v 1.198598 -0.837860 1.761654
v 1.198398 1.448393 -1.306970
v 1.198390 1.675534 -0.999305
v 1.198388 1.838285 -0.653239
v 2.159248 1.806893 0.456717
v 1.198428 1.683009 0.800429
v 2.159263 1.683067 0.800422
v 1.144888 -1.498497 -0.076941
v 1.144841 -0.896429 1.203246
v 1.055872 -1.494373 -1.113455
v 1.055890 -1.682875 -0.800511
v 2.309504 -1.248367 -1.383619
v 2.152367 0.244939 -0.328704
v 2.152374 0.176140 -0.370145
v 2.029496 -0.341440 1.147475
v 2.090576 0.898978 -0.223219
v 2.090576 0.898978 -0.223219
v 2.090576 0.898978 -0.223219
v 1.055699 1.383636 -1.248541
v 2.309345 1.600697 -0.954639
v 2.300430 -1.534612 0.224076
v 2.159460 -1.600427 0.954545
v 1.198623 -1.600486 0.954552
v 1.055912 -1.413858 0.502389
v 1.308421 0.996256 0.051075
v 1.957325 0.847695 -1.137739
v 1.144747 0.596021 -0.799930
v 1.144758 0.428519 -0.900825
v 1.144768 0.244553 -0.967103
v 1.144778 0.051188 -0.996219
v 1.198578 -1.564302 -1.165561
v 1.198597 -1.761624 -0.837972
v 1.055835 -0.216872 -1.484812
v 1.055856 -0.502368 -1.413960
v 1.198555 -0.095434 1.861115
v 2.159412 -0.456635 1.806715
v 2.300287 0.794675 1.331973
v 2.300305 0.519521 1.461377
v 1.308539 -0.939833 0.333947
v 1.308519 -0.595873 0.799846
v 1.198446 1.494508 1.113372
v 1.198464 1.248577 1.383528
v 2.300312 0.380336 -1.503924
v 2.300293 0.666401 -1.400864
v 2.300275 0.926862 -1.243974
v 1.144745 0.668326 0.740508
v 1.144737 0.799960 0.595908
v 1.144731 0.900854 0.428406
v 1.198612 -1.165449 1.564332
v 1.055851 -1.248443 -1.383609
v 2.309483 -0.954456 -1.600605
v 1.055905 -1.113352 1.494396
v 2.159237 1.383703 -1.248549
v 2.159230 1.600688 -0.954638
v 1.144816 -0.510874 -0.856733
v 1.198392 1.930397 -0.282070
v 1.198409 1.891388 0.478100
v 1.198397 1.948328 0.099936
v 1.144826 -0.644454 1.355023
v 1.144809 -0.367709 1.454726
v 1.144794 -0.076831 1.498522
v 2.152411 -0.385896 0.137022
v 2.090688 -0.929191 -0.047850
v 2.090688 -0.920637 0.134372
v 2.152363 0.386214 -0.137343
v 2.090576 0.929501 0.047529
v 2.090576 0.929501 0.047529
v 2.090575 0.920948 -0.134693
v 2.090575 0.920948 -0.134693
usemtl Wheels.001
s 1
f 485 404 5 486
f 1093 1095 417
f 1364 417 1095
f 1094 1096 503
f 474 503 1096 1455
f 142 1487 1106 444
f 444 1143 405 142
f 407 414 7 408
f 1314 1102 1101
f 1565 1314 1101
f 405 1143 1103
f 495 454 159 415
f 420 442 478 416
f 419 468 442 420
f 419 1114 468
f 1135 1116 9 1109 1137
f 426 427 470 490 6
f 1142 443 501 480
f 452 505 545 504
f 483 516 515 436
f 494 530 529 455
f 1126 452 504 1125
f 501 521 520 461
f 448 517 516 483
f 434 531 530 494
f 1098 403 399 402
f 1417 1297 1249
f 391 453 466 441
f 489 1294 1398
f 1132 494 455 1131
f 1486 1569 1461
f 477 525 524 427
f 490 470 443 1142
f 424 421 469 1117 1113
f 459 541 540 421
f 443 522 521 501
f 1117 469 500 1136
f 1113 1185 422 424
f 1136 500 479 1138
f 469 539 538 500
f 1100 436 452 1126
f 1131 455 488 453 8
f 1294 489 1115
f 507 1107 547
f 421 540 539 469
f 500 538 537 479
f 144 513 1559 150
f 281 217 1533 283
f 389 388 387 1330
f 362 1432 305 1385
f 70 1164 39 38
f 1176 1429 128 1544
f 107 76 44 1161
f 1138 479 429 428 1110
f 243 197 198 246
f 407 408 431 432
f 1548 132 100 1306
f 1279 1423 262 325
f 1255 1454 1452 180
f 1567 407 432 433
f 1159 298 296 355
f 60 61 29 28
f 1301 270 1546 133
f 104 105 73 72
f 145 183 1376 152
f 1447 1511 1216 1535
f 1486 1461 1104
f 138 216 1351 106
f 314 249 252 315
f 189 162 1295 190
f 380 334 1449 1250
f 384 1252 1479 383
f 365 363 1360 364
f 1165 74 42 41
f 436 515 505 452
f 225 1466 1462 1290
f 150 1559 514 140
f 1540 127 95 1155
f 320 256 1174 318
f 1284 143 154 210
f 1482 1445 1197 1450
f 108 109 1349 1350
f 322 258 256 320
f 1229 146 160 196
f 453 488 467 466
f 1203 1538 313 367
f 1561 384 383 385
f 224 226 112 111
f 50 51 19 18
f 482 533 532 462
f 253 202 203 1178
f 393 392 395 10
f 1523 1459 86 1491
f 1241 1353 1354 310
f 211 144 150 1510
f 1385 305 1217 359
f 1191 293 295 167
f 1517 1515 36 35
f 1336 306 1430 1359
f 234 1550 117 1421
f 440 499 476 475
f 90 91 1338 58
f 265 208 209 1305
f 154 1557 513 144
f 1235 440 475 512
f 1414 1291 1292 1168
f 1384 360 361 172
f 1207 56 24 23
f 1564 1483 340 386
f 261 264 131 130
f 81 1372 1474 1475
f 229 1463 1465 1443
f 1457 1456 1154 89
f 153 456 423 162
f 307 1357 1358 1431
f 462 532 531 434
f 360 1386 171 361
f 1189 339 1392 1480
f 432 431 473 472
f 237 1234 195 240
f 78 79 47 46
f 336 271 273 337
f 1545 136 1406 103
f 498 542 541 459
f 186 157 158 187
f 1428 261 130 129
f 74 75 43 42
f 497 498 459 458
f 304 1378 238 301
f 1456 1543 1153 1154
f 371 1276 1537 1202
f 1231 149 1182 1232
f 221 224 111 110
f 1258 1257 13 12
f 327 263 1304 329
f 79 80 48 47
f 282 1531 1446 1415
f 152 1376 409 147
f 437 497 458 457
f 176 321 323 177
f 1444 280 1243 1244
f 1335 303 306 1336
f 466 467 439 499
f 1310 97 65 1394
f 473 493 448 449
f 324 260 258 322
f 429 536 535 471
f 215 397 1097 184
f 1327 1242 1432 362
f 1188 1485 339 1189
f 475 476 426 425
f 257 1287 205 259
f 1347 457 422 1346
f 1196 1512 1511 1447
f 216 108 1350 1351
f 326 1426 260 324
f 379 378 377 179
f 1402 104 72 71
f 1448 1199 268 332
f 1571 1263 161 1108
f 180 1452 1453 381
f 248 1355 1542 123
f 1510 150 140 213
f 1164 1163 40 39
f 270 272 135 1546
f 85 1490 54 1209
f 1415 1446 277 342
f 196 160 149 1231
f 1396 1395 31 30
f 1305 209 1513 1303
f 1251 1568 328 376
f 1312 1183 1529
f 241 1230 197 243
f 137 138 106 1405
f 337 273 276 1484
f 363 1384 172 1360
f 1151 94 62 1341
f 512 475 425 1560
f 449 448 483 402
f 373 1277 1275 372
f 1262 481 392 511
f 319 255 1502 1278
f 1285 1315 1313 1283
f 382 335 334 380
f 368 1328 366 174
f 1550 1381 118 117
f 1160 350 1322 166
f 502 482 462 395
f 441 466 499 440
f 388 1561 385 387
f 413 410 143 1313
f 1410 1439 228 292
f 1458 1460 1488 87
f 155 1236 183 145
f 56 57 25 24
f 167 295 1316 1332
f 354 294 1411 352
f 1308 1310 1394 63
f 471 535 534 445
f 1507 1425 1426 326
f 352 1411 289 1323
f 1183 1312 1118
f 1563 343 1483 1564
f 370 368 174 369
f 259 205 206 1424
f 77 78 46 45
f 1556 1218 1222 1158
f 499 439 477 476
f 1193 1238 1239 1192
f 393 139 511 392
f 1500 155 145 1286
f 1202 1537 1538 1203
f 1256 1259 15 14
f 375 1508 1277 373
f 162 423 546 1295
f 240 195 1230 241
f 445 534 533 482
f 301 238 236 300
f 213 140 1366 214
f 173 309 1237 1329
f 233 192 1233 1554
f 52 53 1266 1269
f 394 396 391 1481
f 147 409 411 406
f 190 1295 1184 191
f 290 1289 227 291
f 493 518 517 448
f 1163 1165 41 40
f 472 473 449 451
f 509 491 446 1261
f 1381 239 119 118
f 356 1156 1361 168
f 1393 279 217 281
f 134 1545 103 102
f 467 527 526 439
f 446 447 502 481
f 1429 1428 129 128
f 1476 49 17 16
f 1200 463 437 1260
f 1543 124 92 1153
f 1516 1517 35 34
f 1562 338 335 382
f 508 460 491 509
f 345 389 1330 163
f 1480 1392 344 181
f 1220 1553 1380 1221
f 1221 1380 1357 307
f 453 391 396 8
f 223 1215 1466 225
f 1418 399 403 401
f 98 99 67 66
f 395 462 434 1120 10
f 239 242 120 119
f 219 1213 1214 222
f 1371 84 1210 1473
f 1272 1548 1306 1307
f 280 218 1167 1243
f 297 1555 235 299
f 291 227 1442 1413
f 430 519 518 493
f 311 1356 249 314
f 1253 379 179 1387
f 367 313 312 1326
f 1498 1181 1416 200
f 151 484 506 157
f 264 1302 1547 131
f 200 1416 148 201
f 1303 1513 1509 1194
f 1329 1237 1238 1193
f 1416 1247 390 148
f 1391 1343 343 1563
f 75 1258 12 43
f 184 1097 151 185
f 504 545 544 487
f 1535 1216 1212 1536
f 178 1505 1506 1254
f 486 487 438 464
f 341 278 279 1393
f 1334 1318 303 1335
f 412 425 426 6
f 454 1298 159
f 1490 1489 55 54
f 1325 347 346 164
f 287 1288 1289 290
f 1397 1516 34 33
f 136 137 1405 1406
f 244 245 122 121
f 317 1177 255 319
f 1367 4 400
f 1560 425 412 1570
f 127 1274 96 95
f 230 232 1422 114
f 331 267 269 333
f 80 81 1475 48
f 146 510 182 160
f 1424 206 207 1427
f 1157 1160 166 353
f 349 288 286 348
f 463 464 497 437
f 439 526 525 477
f 1257 1256 14 13
f 1283 1313 143 1284
f 254 1176 1544 126
f 247 199 1499 1179
f 376 328 1508 375
f 1286 145 152 204
f 1195 212 1512 1196
f 461 520 519 430
f 1346 422 1185 1399
f 97 98 66 65
f 357 356 168 169
f 1278 1502 1423 1279
f 458 459 421 424
f 1359 1430 309 173
f 274 275 1245 1246
f 1168 1292 1293 1169
f 1201 485 463 1200
f 1413 1442 231 1320
f 132 1549 101 100
f 1331 1345 1344 1388
f 398 1362 1296
f 1250 1449 1568 1251
f 1204 370 369 175
f 1208 1207 23 1265
f 242 244 121 120
f 157 506 496 158
f 49 50 18 17
f 1514 70 38 37
f 1549 134 102 101
f 64 1397 33 32
f 99 1311 68 67
f 1107 11 547
f 1389 285 1172 165
f 251 254 126 1541
f 1254 1506 1454 1255
f 283 1533 1534 1173
f 457 458 424 422
f 329 1304 267 331
f 165 1172 1170 351
f 1459 1458 87 86
f 1484 276 278 341
f 1311 1404 69 68
f 1274 1273 1309 96
f 491 492 447 446
f 460 428 492 491
f 1403 1402 71 1518
f 1328 365 364 366
f 1190 1171 293 1191
f 378 1469 1468 377
f 141 484 151 1097
f 1489 88 1211 55
f 222 1214 1215 223
f 210 154 144 211
f 428 429 471 492
f 1431 1358 1356 311
f 1260 437 457 1347
f 1355 251 1541 1542
f 124 125 93 92
f 1152 1151 1341 1337
f 187 158 153 188
f 1515 1514 37 36
f 149 1528 1530 1182
f 299 235 1552 302
f 246 198 199 247
f 1261 446 481 1262
f 1340 59 27 26
f 109 1369 1348 1349
f 245 248 123 122
f 191 1184 1108 1464
f 351 1170 1171 1190
f 333 269 271 336
f 1464 1108 161 193
f 61 1396 30 29
f 1112 1110 428 460
f 355 296 294 354
f 1259 1476 16 15
f 113 1419 82 1374
f 272 274 1246 135
f 1240 250 1353 1241
f 359 1217 1218 1556
f 1320 231 1555 297
f 181 344 1345 1331
f 1248 1417 1249
f 1469 1470 374 1468
f 1558 472 451 450
f 1382 1495 1497 1496 1494 1493 1268 1267 20 21 22 1271 1270 1521 1520 1519 1522 1226 1225 1227 1224 1223 1228 1436 1435 1437 1434 1433 1438 1187 1186 1383
f 125 1540 1155 93
f 1332 1316 1317 1333
f 1388 1344 285 1389
f 275 1444 1244 1245
f 464 438 498 497
f 51 52 1269 19
f 94 1308 63 62
f 372 1275 1276 371
f 342 277 1445 1482
f 1404 1403 1518 69
f 1324 1325 164 1321
f 57 1340 26 25
f 193 161 156 194
f 1440 230 114 1420
f 59 60 28 27
f 1158 1222 298 1159
f 433 432 472 1558
f 1205 1539 1280 1206
f 300 236 1551 1319
f 1451 1198 1199 1448
f 1467 1504 1505 178
f 316 1175 250 1240
f 481 502 395 392
f 284 220 1531 282
f 1252 1253 1387 1479
f 332 268 266 330
f 408 461 430 431
f 1099 398 1296
f 1232 1182 1181 1498
f 386 340 338 1562
f 143 410 1557 154
f 91 1152 1337 1338
f 1156 1157 353 1361
f 487 544 543 438
f 292 228 1291 1414
f 1219 1377 1378 304
f 1450 1197 1198 1451
f 1326 312 1242 1327
f 1169 1293 220 284
f 1390 1342 1343 1391
f 348 286 1342 1390
f 204 152 147 1281
f 148 390 1236 155
f 115 116 1375 83
f 479 537 536 429
f 1419 115 83 82
f 1471 1472 1477 1478
f 1481 391 441 465
f 1386 358 170 171
f 53 1208 1265 1266
f 1412 1441 1439 1410
f 84 85 1209 1210
f 435 418 1119
f 1566 414 407 1567
f 416 478 1111
f 476 477 427 426
f 1536 1212 1213 219
f 1282 406 1315 1285
f 358 357 169 170
f 438 543 542 498
f 1532 221 110 1166
f 76 77 45 44
f 1273 1272 1307 1309
f 1173 1534 1288 287
f 302 1552 1553 1220
f 1368 1370 1373 1352
f 158 496 456 153
f 1290 1462 1463 229
f 1503 107 1161 1162
f 105 1503 1162 73
f 1369 1368 1352 1348
f 218 1532 1166 1167
f 1323 289 288 349
f 1460 1457 89 1488
f 160 182 1528 149
f 1179 1499 1501 1180
f 232 234 1421 1422
f 1365 404 485 1201
f 140 514 1363 1366
f 1372 1371 1473 1474
f 492 471 445 447
f 431 430 493 473
f 325 262 263 327
f 1302 1301 133 1547
f 1194 1509 212 1195
f 310 1354 1379 308
f 88 1492 1339 1211
f 450 451 399 1418
f 480 501 461 408 7
f 447 445 482 502
f 308 1379 1377 1219
f 350 1324 1321 1322
f 188 153 162 189
f 465 441 440 1235
f 1554 1233 1234 237
f 1333 1317 1318 1334
f 1281 147 406 1282
f 1206 1280 321 176
f 347 345 163 346
f 1395 64 32 31
f 214 1366 397 215
f 185 151 157 186
f 1178 203 1287 257
f 318 1174 1175 316
f 474 1455 1367 400
f 161 1263 1264 156
f 1472 1204 175 1477
f 1492 90 58 1339
f 116 1523 1491 1375
f 1370 113 1374 1373
f 156 1264 510 146
f 201 148 155 1500
f 194 156 146 1229
f 177 323 1504 1467
f 1470 1471 1478 374
f 1192 1239 1539 1205
f 226 1440 1420 112
f 1427 207 208 265
f 1443 1465 192 233
f 1180 1501 202 253
f 330 266 1425 1507
f 315 252 1177 317
f 1319 1551 1441 1412
f 381 1453 1485 1188
f 455 529 528 488
f 488 528 527 467
f 485 486 464 463
f 1125 504 487 486 5
f 427 524 523 470
f 495 415 418 435
f 1120 434 494 1132
f 1112 460 508 1572
f 451 449 402 399
f 1487 1105 1106
f 470 523 522 443
f 1144 1124 1123 1400 1401 1573 1150 1149 1146 1122 1121 1527 1526 1148 1147 1130 1129 1525 1524 1409 1408 1407 1141 1140 1139 1134 1133 1300 1299 1128 1127 1145
f 402 483 436 1100 1098
f 694 1921 1601 660 613
f 1632 1610 551 1999 1998 1612 555 556 557 558 559 560 561 562 563 564 1619 1620 567 568 569 570 1625 572 1626 574 575 576 577 1950 579 580
f 626 653 1627 573
f 1580 606 1090
f 645 697 694 647
f 549 589 588 636
f 661 601 602 662
f 1592 1593 1771 1941
f 669 626 573 2047
f 593 1091 610 609 592
f 611 633 632 610
f 608 629 1623 1622
f 641 608 1622 1621
f 715 713 759 760
f 798 800 864 862
f 781 779 843 844
f 766 768 832 830
f 1698 1699 894 895
f 865 863 904 905
f 833 831 888 889
f 870 984 983 868
f 922 727 1673 1672
f 721 1820 919 723
f 1819 722 771 773
f 902 901 950 940
f 1730 1731 941 948
f 940 950 1634 587
f 1743 1016 1015 1742
f 980 1012 1011 979
f 1007 1039 1038 1006
f 724 920 921 725
f 935 940 587 1609
f 622 696 698 699
f 1856 780 845 842
f 841 1879 1728 1886
f 2029 910 939 945
f 882 1871 1846 1848
f 1954 1065 1064 1032
f 1656 1816 933 1657
f 1822 1821 2007 777
f 891 890 690 949
f 1984 926 1676 797
f 1840 859 1732 1913
f 1900 913 656 655
f 908 907 934 943
f 1988 1760 931 747
f 1931 1932 854 852
f 649 594 614 651
f 616 1089 688 635 595
f 646 582 697 645
f 1892 1983 1039 1007
f 1933 1931 852 851
f 825 2036 1870 1725
f 1692 964 963 828
f 1671 1874 1694 834
f 665 623 603 666
f 604 649 651 625
f 1966 1046 1906 1965
f 956 1848 695 1602
f 955 1969 611 692
f 1711 1744 1747 1710
f 1974 1698 895 896
f 936 947 585 1764
f 1748 1008 1780 975
f 746 1987 808 807
f 878 988 987 876
f 1740 1018 1017 1968
f 1877 1023 1022 1876
f 1876 1022 2015 1875
f 869 1927 906 1737
f 938 943 1901 1902
f 1968 1017 1016 1743
f 794 793 856 1841
f 811 809 873 874
f 2009 999 998 966
f 1020 2014 2013 1019
f 876 987 986 875
f 658 598 554 553
f 738 1837 927 1839
f 890 1726 954 690
f 879 877 911 912
f 620 670 669 619
f 1637 1916 1919
f 1584 686 689 1639
f 1593 1086 1771
f 1778 1044 2033 1777
f 800 802 866 864
f 1043 1799 1802 2032
f 737 925 1837 738
f 706 1900 655 705
f 723 919 920 724
f 982 1014 1013 981
f 617 667 1617 1616
f 981 1013 1012 980
f 948 941 631 1845
f 892 891 949 944
f 748 749 812 810
f 749 751 1942 812
f 1979 1980 1718 1857
f 1652 733 786 784
f 1899 761 824 1689
f 1932 2027 857 854
f 1943 1682 1715 1714
f 609 658 553 552
f 2043 929 1973 742
f 2046 1037 1036 1004
f 953 942 663 1594
f 1832 712 758 1898
f 898 897 681 678
f 1092 1970 1847
f 688 665 666 635
f 764 766 830 1996
f 714 1645 916 2016
f 1980 814 1719 1718
f 615 704 701 594
f 780 1853 846 845
f 722 1817 769 771
f 761 762 826 824
f 1991 798 862 860
f 727 1822 777 1673
f 1595 583 624 664
f 739 740 1678 796
f 1982 1069 1068 1981
f 868 983 1745 1928
f 903 902 940 935
f 1790 1071 1070 1789
f 747 931 932 1655
f 995 1027 1026 994
f 1660 756 1688 1925
f 1649 1650 776 2008
f 1994 1955 1033 1782
f 1045 1077 1800 1905
f 632 599 598 658
f 821 959 958 819
f 750 1824 1978 813
f 1762 1984 797 1990
f 971 2044 1002 1753
f 1891 1053 1054 1929 1056 1057 1058 1059 1930 1061 1062 2024 1805 1806 2025 1862 1803 1804 1863 1864 1865 1073 1074 1075 1076 2010 1078 1888 1889 1081 1082 1083
f 583 646 645 624
f 720 918 1820 721
f 702 700 937
f 915 1815 815 752
f 801 799 1713 1712
f 1653 1654 2026 792
f 1853 2020 848 846
f 2035 961 1842 822
f 1742 1015 1014 982
f 1049 1890 1080 1048
f 741 2041 1945 1679
f 549 636 668 1085
f 1956 1067 1066 1034
f 1735 903 935 680
f 1923 1661 1997 827
f 745 930 805 806
f 1734 1735 680 676
f 1704 974 973 1975
f 1741 1773 1018 1740
f 1789 1070 1069 1982
f 586 914 615 650
f 850 849 1884 1883
f 1992 794 1841 861
f 947 678 1767 585
f 1791 1060 1810 1866
f 1911 908 943 938
f 1004 1036 1035 1003
f 1851 2045 2044 971
f 1701 972 1850 1700
f 600 640 639 659
f 787 1935 1703 1702
f 668 604 625 667
f 886 885 952 942
f 1716 1717 909 2030
f 1009 1041 1983 1892
f 1586 679 945 612
f 1910 1818 918 720
f 930 743 803 805
f 729 730 1826 731
f 994 1026 1025 993
f 636 605 604 668
f 605 650 649 604
f 1849 1000 999 2009
f 1949 1028 1027 995
f 757 1897 818 1924
f 1861 1010 1893 1749
f 1823 745 806 2038
f 767 765 829 1695
f 639 674 672 638
f 1977 811 874 1721
f 719 1957 1668 1667
f 1700 1850 970 2037
f 1824 1823 2038 1978
f 1636 1635 1917
f 1993 1029 1028 1949
f 1032 1064 1063 1868
f 1756 1948 1947 962
f 1866 1810 1809 1794
f 1908 1079 1887 1907
f 939 938 1902 590
f 1963 976 1920 1705
f 2032 1802 1801 2031
f 725 921 1759 2034
f 2017 718 1666 1665
f 1847 1970 1937
f 1815 750 813 815
f 1757 996 1948 1756
f 1681 801 1712 867
f 1969 2011 633 611
f 1683 1979 1857 2004
f 822 1842 959 821
f 924 923 1934 1675
f 638 672 675 637
f 775 1670 837 839
f 1839 927 928 2042
f 1784 1031 1867 1783
f 673 1598 607 674
f 635 666 1630 1629
f 2036 820 1722 1870
f 893 892 944 951
f 1909 1647 770 1669
f 849 1974 896 1884
f 2037 970 969 840
f 1727 1869 953 1582
f 1051 1798 1797 1050
f 657 619 571 1624
f 633 659 599 632
f 1987 748 810 808
f 742 1973 1761 744
f 1936 833 889 2006
f 950 936 1764 1634
f 1776 1787 1047 1775
f 765 1923 827 829
f 1928 1745 1744 1711
f 1752 1001 1000 1849
f 1640 685 684 671
f 698 696 1922
f 779 1854 1878 843
f 1705 1920 974 1704
f 960 1785 991 2019
f 1868 1063 1808 1030
f 809 2039 2005 873
f 1655 932 1816 1656
f 1894 1042 1041 1009
f 1606 1641 1088
f 684 1835 670 671
f 926 1838 1677 1676
f 1897 1684 817 818
f 610 632 658 609
f 1817 719 1667 769
f 1687 879 912 881
f 592 609 552 1611
f 2028 2029 945 679
f 1021 1813 1084 1052
f 751 707 753 1942
f 1642 948 1845 1827
f 732 1985 2021 785
f 1691 825 1725 1724
f 1885 1730 948 1642
f 1693 1754 964 1692
f 945 939 590 612
f 897 1885 1642 681
f 1651 1652 784 783
f 2016 916 917 717
f 1935 782 847 1703
f 666 603 578 1630
f 1680 1681 867 1926
f 799 1992 861 1713
f 816 880 988 878
f 966 998 997 965
f 1965 1906 1044 1778
f 877 1716 2030 911
f 1961 977 976 1963
f 701 1939 661 662 634
f 1783 1867 1029 1993
f 582 1938 693 697
f 1717 871 1736 909
f 643 1604 2000 705
f 790 789 853 855
f 793 790 855 856
f 1644 915 752 755
f 1657 933 1903 1658
f 588 1633 605 636
f 712 1830 1663 758
f 1030 1808 1807 1792
f 1750 1005 2045 1851
f 2011 600 659 633
f 1048 1080 1079 1908
f 1881 968 967 1697
f 650 615 594 649
f 629 657 1624 1623
f 962 1947 1786 1843
f 1684 1685 1720 817
f 2042 928 929 2043
f 1708 978 977 1961
f 1633 586 650 605
f 624 645 647 623
f 2040 1811 1055 1796
f 603 648 1951 578
f 2039 1680 1926 2005
f 1912 1734 676 677
f 949 690 1574 687
f 1828 706 705 2000
f 1905 1800 1799 1043
f 863 1840 1913 904
f 923 732 785 1934
f 883 882 1848 956
f 795 1991 860 858
f 651 614 1859 1860
f 1706 1707 900 1733
f 934 677 550 1952
f 1647 1648 772 770
f 1050 1797 1890 1049
f 726 728 1852 778
f 1731 893 951 941
f 703 704 1765 957
f 1985 922 1672 2021
f 597 620 619 657
f 1654 739 796 2026
f 1019 2013 2012 1976
f 1880 1936 2006 1729
f 2034 1759 1758 1986
f 707 708 754 753
f 1772 1940 1766
f 1989 746 807 804
f 768 1872 835 832
f 625 651 1860 1946
f 1782 1033 1953 1781
f 2041 1989 804 1945
f 1763 1762 1990 1944
f 1040 1072 1071 1790
f 941 951 1964 631
f 1749 1893 1008 1748
f 802 1943 1714 866
f 683 1582 953 1594
f 1831 709 711 710
f 655 656 597 630
f 594 701 634 614
f 744 1761 1760 1988
f 1709 1746 978 1708
f 1986 1758 730 729
f 1830 716 1664 1663
f 1726 1727 1582 954
f 1854 775 839 1878
f 914 1765 704 615
f 1648 1649 2008 772
f 647 694 613 648
f 584 1640 671 621
f 1003 1035 1955 1994
f 1959 1825 1972 1960
f 1662 757 1924 823
f 2019 991 990 2018
f 1707 1962 2023 900
f 1766 1768 1772
f 718 1909 1669 1666
f 1690 1691 1724 887
f 1034 1066 1065 1954
f 2022 899 947 936
f 1659 1660 1925 1858
f 1777 2033 1042 1894
f 1995 1844 961 2035
f 1793 1812 1811 2040
f 884 883 956 946
f 1975 973 972 1701
f 1904 715 760 763
f 1607 680 935 1609
f 762 764 1996 826
f 993 1025 1024 992
f 717 917 1818 1910
f 1872 1873 836 835
f 1739 989 1774 1738
f 820 1686 1723 1722
f 640 673 674 639
f 1879 1880 1729 1728
f 621 671 670 620
f 713 1643 1896 759
f 733 734 788 786
f 1871 2028 679 1846
f 667 625 1946 1617
f 1873 774 838 836
f 623 647 648 603
f 1781 1953 1031 1784
f 630 597 657 629
f 1838 735 1674 1677
f 819 958 880 816
f 1821 1819 773 2007
f 659 639 638 599
f 944 949 687 1833
f 814 1659 1858 1719
f 1967 1788 1787 1776
f 1874 767 1695 1694
f 1052 1084 1798 1051
f 875 986 985 872
f 899 898 678 947
f 1650 726 778 776
f 1751 1779 1005 1750
f 2027 795 858 857
f 599 638 637 598
f 1795 1814 1813 1021
f 1697 967 1755 1696
f 910 1911 938 939
f 598 637 1613 554
f 1843 1786 1785 960
f 1661 1662 823 1997
f 1976 2012 1788 1967
f 859 1706 1733 1732
f 664 624 623 665
f 1643 1644 755 1896
f 1958 1971 925 737
f 634 662 565 1618
f 789 787 1702 853
f 943 934 1952 1901
f 975 1780 1779 1751
f 1927 865 905 906
f 1775 1047 1046 1966
f 1696 1755 1754 1693
f 708 1832 1898 754
f 2031 1801 1072 1040
f 1960 1972 1971 1958
f 1682 1683 2004 1715
f 913 584 621 656
f 942 952 1834 663
f 831 1690 887 888
f 1006 1038 1037 2046
f 656 621 620 597
f 1710 1747 1746 1709
f 735 924 1675 1674
f 1792 1807 1060 1791
f 743 1763 1944 803
f 736 1653 792 791
f 885 884 946 952
f 2020 1933 851 848
f 979 1011 1010 1861
f 703 1939 701 704
f 1699 841 1886 894
f 614 634 1618 1859
f 1907 1887 1077 1045
f 872 985 984 870
f 710 711 1646 1829
f 728 1651 783 1852
f 643 630 629 608
f 901 2022 936 950
f 774 1855 1882 838
f 1738 1774 1773 1741
f 756 1899 1689 1688
f 1869 886 942 953
f 1855 1856 842 1882
f 1753 1002 1001 1752
f 946 956 1602 1603
f 871 869 1737 1736
f 660 644 591 581
f 1796 1055 1814 1795
f 731 1826 1825 1959
f 1829 1646 1645 714
f 716 2017 1665 1664
f 907 1912 677 934
f 782 781 844 847
f 2018 990 989 1739
f 1581 1836 1576
f 1686 1687 881 1723
f 951 944 1833 1964
f 992 1024 1023 1877
f 828 963 1844 1995
f 1981 1068 1067 1956
f 740 741 1679 1678
f 686 1595 664 689
f 1957 1904 763 1668
f 1670 1671 834 837
f 965 997 996 1757
f 689 664 665 688
f 1962 850 1883 2023
f 618 1085 668 667 617
f 1875 2015 2014 1020
f 840 969 968 1881
f 1794 1809 1812 1793
f 734 736 791 788
f 1658 1903 709 1831
f 1685 1977 1721 1720
f 952 946 1603 1834
f 596 617 1616 1615
f 675 627 1614 2050
f 1608 1635 1636
f 1596 1087 1914
f 642 1604 643 608 641
f 1601 1600 644 660
f 627 596 1615 1614
f 2051 618 617 596
f 2001 672 674 607
f 628 2051 596 627
f 653 595 1628 1627
f 637 675 2050 1613
f 672 2001 628 627 675
f 2049 652 653 626
f 619 669 2047 571
f 1581 1576 1575
f 601 642 641 602
f 1914 1599 1596
f 705 655 630 643
f 937 700 1605
f 1921 694 697 693
f 662 602 566 565
f 648 613 1631 1951
f 595 635 1629 1628
f 1600 593 592 644
f 602 641 1621 566
f 613 660 581 1631
f 644 592 1611 591
f 652 616 595 653
f 670 1835 2049 626 669
f 654 1918 1915 2002 2053
f 1597 2054 2003
f 1597 1638 2052 2054
f 1638 1637 1919 2052
f 1592 1941 1641 1606
f 1583 1589 1591
f 1585 682 691
f 691 682 1590
f 689 688 1089 1639
f 2048 1895 1583 1591
f 1895 2048 606 1580
f 622 699 1769 1579
f 1577 1579 1769
f 1587 1588 1770
f 1578 1770 1588
f 611 610 1091 692
f 548 1 2 3
