# Blender v2.70 (sub 0) OBJ File: ''
# www.blender.org
mtllib SmallWheel.mtl
v 1.961761 -0.044287 -0.222644
v 1.961761 -0.086871 -0.209726
v 1.961761 -0.126118 -0.188749
v 1.961761 -0.160518 -0.160518
v 1.961760 -0.188749 -0.126118
v 1.961761 -0.209726 -0.086872
v 1.961761 -0.222644 -0.044287
v 1.961761 -0.227006 -0.000000
v 1.961761 -0.222645 0.044286
v 1.961761 -0.209727 0.086871
v 1.961760 -0.188749 0.126117
v 1.961761 -0.160518 0.160517
v 1.961761 -0.126118 0.188748
v 1.961761 -0.086872 0.209726
v 1.961761 -0.044287 0.222644
v 1.961761 -0.000000 0.227006
v 1.961761 0.044286 0.222644
v 1.961761 0.086871 0.209726
v 1.961761 0.126118 0.188748
v 1.961761 0.160517 0.160517
v 1.961761 0.188748 0.126117
v 1.961761 0.209726 0.086871
v 1.961761 0.222644 0.044286
v 1.961761 0.227006 -0.000000
v 1.961761 0.222644 -0.044287
v 1.961761 0.209726 -0.086871
v 1.961761 0.188748 -0.126118
v 1.961760 0.160517 -0.160517
v 1.961761 0.126118 -0.188749
v 1.961760 0.086871 -0.209726
v 1.961760 0.044286 -0.222644
v 1.961761 -0.000000 -0.227006
v 1.896465 -0.090203 -0.453485
v 1.896465 -0.176941 -0.427174
v 1.896465 -0.256878 -0.384446
v 1.896465 -0.326944 -0.326945
v 1.896465 -0.384446 -0.256879
v 1.896465 -0.427174 -0.176942
v 1.896465 -0.453486 -0.090204
v 1.896465 -0.462370 -0.000000
v 1.896465 -0.453486 0.090203
v 1.896465 -0.427174 0.176941
v 1.896465 -0.384447 0.256878
v 1.896465 -0.326945 0.326944
v 1.896465 -0.256879 0.384446
v 1.896465 -0.176942 0.427173
v 1.896465 -0.090204 0.453485
v 1.896465 -0.000000 0.462369
v 1.896465 0.090203 0.453485
v 1.896465 0.176941 0.427174
v 1.896465 0.256878 0.384446
v 1.896465 0.326944 0.326944
v 1.896465 0.384446 0.256878
v 1.896465 0.427174 0.176941
v 1.896465 0.453485 0.090204
v 1.896465 0.462369 -0.000000
v 1.896465 0.453485 -0.090204
v 1.896465 0.427174 -0.176941
v 1.896465 0.384446 -0.256879
v 1.896465 0.326944 -0.326944
v 1.896465 0.256878 -0.384446
v 1.896465 0.176941 -0.427173
v 1.896465 0.090204 -0.453485
v 1.896465 -0.000000 -0.462369
v 1.807254 -0.136260 -0.685031
v 1.807254 -0.267285 -0.645285
v 1.807254 -0.388038 -0.580741
v 1.807254 -0.493879 -0.493880
v 1.807254 -0.580741 -0.388039
v 1.807254 -0.645285 -0.267286
v 1.807254 -0.685031 -0.136262
v 1.807254 -0.698452 -0.000001
v 1.807254 -0.685032 0.136261
v 1.807254 -0.645286 0.267285
v 1.807254 -0.580742 0.388038
v 1.807254 -0.493880 0.493879
v 1.807254 -0.388040 0.580741
v 1.807254 -0.267287 0.645285
v 1.807254 -0.136262 0.685030
v 1.807254 -0.000001 0.698451
v 1.807254 0.136261 0.685031
v 1.807254 0.267285 0.645285
v 1.807254 0.388039 0.580741
v 1.807254 0.493880 0.493879
v 1.807254 0.580741 0.388038
v 1.807254 0.645285 0.267286
v 1.807254 0.685031 0.136261
v 1.807254 0.698451 -0.000000
v 1.807254 0.685031 -0.136261
v 1.807254 0.645285 -0.267286
v 1.807254 0.580741 -0.388039
v 1.807254 0.493880 -0.493879
v 1.807254 0.388039 -0.580741
v 1.807255 0.267286 -0.645284
v 1.807254 0.136261 -0.685030
v 1.807254 -0.000000 -0.698451
v 1.756052 -0.156577 -0.787168
v 1.756053 -0.307137 -0.741496
v 1.756052 -0.445894 -0.667329
v 1.756052 -0.567516 -0.567517
v 1.756052 -0.667329 -0.445896
v 1.756053 -0.741497 -0.307138
v 1.756052 -0.787169 -0.156578
v 1.756052 -0.802591 -0.000001
v 1.756053 -0.787169 0.156577
v 1.756052 -0.741497 0.307137
v 1.756052 -0.667330 0.445894
v 1.756052 -0.567517 0.567516
v 1.756053 -0.445896 0.667329
v 1.756052 -0.307139 0.741496
v 1.756053 -0.156578 0.787168
v 1.756052 -0.000001 0.802589
v 1.756053 0.156577 0.787168
v 1.756053 0.307137 0.741496
v 1.756053 0.445895 0.667329
v 1.756053 0.567517 0.567516
v 1.756053 0.667329 0.445895
v 1.756053 0.741496 0.307138
v 1.756053 0.787168 0.156577
v 1.756053 0.802590 -0.000000
v 1.756053 0.787168 -0.156577
v 1.756053 0.741496 -0.307137
v 1.756053 0.667329 -0.445895
v 1.756053 0.567517 -0.567516
v 1.756052 0.445895 -0.667329
v 1.756052 0.307138 -0.741496
v 1.756053 0.156577 -0.787168
v 1.756053 -0.000000 -0.802589
v 2.304705 -0.156577 -0.787169
v 2.304705 -0.307137 -0.741497
v 2.304705 -0.445895 -0.667330
v 2.304705 -0.567516 -0.567517
v 2.304705 -0.667329 -0.445896
v 2.304705 -0.741497 -0.307139
v 2.304705 -0.787169 -0.156578
v 2.304705 -0.802591 -0.000001
v 2.304705 -0.787169 0.156576
v 2.304705 -0.741497 0.307137
v 2.304705 -0.667330 0.445894
v 2.304705 -0.567518 0.567515
v 2.304705 -0.445896 0.667328
v 2.304705 -0.307139 0.741495
v 2.304705 -0.156578 0.787168
v 2.304705 -0.000001 0.802589
v 2.304705 0.156577 0.787168
v 2.304705 0.307137 0.741496
v 2.304705 0.445895 0.667328
v 2.304705 0.567516 0.567516
v 2.304705 0.667329 0.445894
v 2.304705 0.741496 0.307137
v 2.304705 0.787168 0.156577
v 2.304705 0.802590 -0.000001
v 2.304705 0.787168 -0.156578
v 2.304705 0.741496 -0.307138
v 2.304705 0.667329 -0.445895
v 2.304705 0.567516 -0.567517
v 2.304705 0.445895 -0.667329
v 2.304706 0.307137 -0.741496
v 2.304705 0.156577 -0.787169
v 2.304705 -0.000000 -0.802590
v 2.304705 -0.175924 -0.884437
v 2.304705 -0.345089 -0.833121
v 2.304705 -0.500992 -0.749789
v 2.304705 -0.637643 -0.637644
v 2.304705 -0.749789 -0.500994
v 2.304705 -0.833121 -0.345091
v 2.304705 -0.884437 -0.175926
v 2.304705 -0.901764 -0.000001
v 2.304705 -0.884437 0.175924
v 2.304705 -0.833122 0.345089
v 2.304705 -0.749790 0.500992
v 2.304705 -0.637644 0.637642
v 2.304705 -0.500994 0.749788
v 2.304705 -0.345091 0.833120
v 2.304705 -0.175926 0.884435
v 2.304705 -0.000001 0.901762
v 2.304705 0.175925 0.884436
v 2.304705 0.345089 0.833120
v 2.304705 0.500992 0.749788
v 2.304705 0.637643 0.637642
v 2.304705 0.749789 0.500992
v 2.304705 0.833120 0.345089
v 2.304706 0.884436 0.175924
v 2.304705 0.901763 -0.000001
v 2.304705 0.884436 -0.175926
v 2.304705 0.833121 -0.345090
v 2.304705 0.749789 -0.500993
v 2.304705 0.637643 -0.637643
v 2.304705 0.500992 -0.749789
v 2.304706 0.345089 -0.833121
v 2.304705 0.175925 -0.884436
v 2.304705 -0.000001 -0.901764
v 2.231537 -0.193275 -0.971664
v 2.231537 -0.379123 -0.915288
v 2.231537 -0.550403 -0.823737
v 2.231537 -0.700530 -0.700531
v 2.231537 -0.823737 -0.550404
v 2.231537 -0.915288 -0.379125
v 2.231537 -0.971665 -0.193277
v 2.231537 -0.990701 -0.000001
v 2.231537 -0.971665 0.193275
v 2.231537 -0.915289 0.379124
v 2.231537 -0.823738 0.550403
v 2.231537 -0.700532 0.700530
v 2.231537 -0.550404 0.823737
v 2.231537 -0.379126 0.915287
v 2.231538 -0.193277 0.971664
v 2.231537 -0.000001 0.990700
v 2.231537 0.193275 0.971664
v 2.231537 0.379124 0.915288
v 2.231537 0.550403 0.823737
v 2.231537 0.700530 0.700531
v 2.231537 0.823737 0.550403
v 2.231537 0.915287 0.379124
v 2.231538 0.971664 0.193276
v 2.231538 0.990700 0.000000
v 2.231538 0.971664 -0.193276
v 2.231537 0.915287 -0.379124
v 2.231537 0.823736 -0.550403
v 2.231538 0.700530 -0.700530
v 2.231538 0.550403 -0.823736
v 2.231537 0.379124 -0.915287
v 2.231537 0.193275 -0.971663
v 2.231537 -0.000001 -0.990699
v 2.161639 -0.193275 -0.971664
v 2.161639 -0.379124 -0.915288
v 2.161639 -0.550403 -0.823738
v 2.161639 -0.700531 -0.700532
v 2.161639 -0.823737 -0.550405
v 2.161639 -0.915288 -0.379126
v 2.161639 -0.971665 -0.193277
v 2.161639 -0.990701 -0.000001
v 2.161639 -0.971665 0.193275
v 2.161639 -0.915289 0.379123
v 2.161639 -0.823738 0.550403
v 2.161639 -0.700532 0.700530
v 2.161639 -0.550405 0.823736
v 2.161639 -0.379126 0.915287
v 2.161639 -0.193277 0.971664
v 2.161639 -0.000001 0.990699
v 2.161639 0.193275 0.971664
v 2.161639 0.379124 0.915287
v 2.161639 0.550403 0.823737
v 2.161639 0.700530 0.700530
v 2.161639 0.823737 0.550403
v 2.161639 0.915287 0.379124
v 2.161639 0.971664 0.193276
v 2.161639 0.990700 -0.000001
v 2.161639 0.971664 -0.193276
v 2.161639 0.915287 -0.379125
v 2.161639 0.823736 -0.550404
v 2.161639 0.700530 -0.700531
v 2.161639 0.550403 -0.823737
v 2.161639 0.379124 -0.915288
v 2.161639 0.193275 -0.971664
v 2.161639 -0.000001 -0.990700
v 1.054882 -0.193274 -0.971661
v 1.054882 -0.379123 -0.915285
v 1.054882 -0.550401 -0.823735
v 1.054882 -0.700528 -0.700529
v 1.054882 -0.823735 -0.550403
v 1.054882 -0.915285 -0.379124
v 1.054882 -0.971662 -0.193276
v 1.054882 -0.990698 -0.000001
v 1.054882 -0.971662 0.193274
v 1.054882 -0.915286 0.379122
v 1.054882 -0.823735 0.550401
v 1.054882 -0.700530 0.700528
v 1.054882 -0.550403 0.823734
v 1.054882 -0.379124 0.915284
v 1.054882 -0.193276 0.971661
v 1.054882 -0.000001 0.990697
v 1.054882 0.193275 0.971661
v 1.054882 0.379123 0.915285
v 1.054882 0.550401 0.823734
v 1.054882 0.700528 0.700528
v 1.054882 0.823734 0.550401
v 1.054882 0.915285 0.379123
v 1.054882 0.971661 0.193275
v 1.054882 0.990697 -0.000000
v 1.054882 0.971661 -0.193275
v 1.054882 0.915285 -0.379123
v 1.054882 0.823734 -0.550402
v 1.054882 0.700528 -0.700529
v 1.054882 0.550402 -0.823734
v 1.054882 0.379123 -0.915285
v 1.054882 0.193275 -0.971661
v 1.054882 -0.000000 -0.990697
v 1.199081 -0.193274 -0.971662
v 1.199081 -0.379123 -0.915285
v 1.199081 -0.550401 -0.823735
v 1.199081 -0.700529 -0.700530
v 1.199081 -0.823735 -0.550403
v 1.199081 -0.915285 -0.379124
v 1.199081 -0.971662 -0.193277
v 1.199081 -0.990698 -0.000001
v 1.199081 -0.971662 0.193274
v 1.199081 -0.915286 0.379123
v 1.199081 -0.823736 0.550401
v 1.199081 -0.700530 0.700528
v 1.199081 -0.550403 0.823734
v 1.199081 -0.379124 0.915284
v 1.199081 -0.193276 0.971660
v 1.199081 -0.000001 0.990696
v 1.199081 0.193275 0.971660
v 1.199081 0.379123 0.915284
v 1.199081 0.550402 0.823734
v 1.199081 0.700529 0.700528
v 1.199081 0.823734 0.550402
v 1.199081 0.915285 0.379123
v 1.199081 0.971661 0.193275
v 1.199081 0.990697 -0.000000
v 1.199081 0.971661 -0.193276
v 1.199081 0.915284 -0.379123
v 1.199081 0.823734 -0.550402
v 1.199081 0.700528 -0.700529
v 1.199081 0.550402 -0.823735
v 1.199081 0.379123 -0.915285
v 1.199081 0.193275 -0.971661
v 1.199081 -0.000001 -0.990697
v 2.161639 -0.231225 -1.162452
v 2.161639 -0.453565 -1.095007
v 2.161639 -0.658475 -0.985480
v 2.161639 -0.838080 -0.838082
v 2.161639 -0.985479 -0.658477
v 2.161639 -1.095006 -0.453568
v 2.161639 -1.162452 -0.231228
v 2.161639 -1.185226 -0.000001
v 2.161639 -1.162452 0.231225
v 2.161639 -1.095007 0.453565
v 2.161639 -0.985480 0.658475
v 2.161639 -0.838082 0.838080
v 2.161639 -0.658477 0.985478
v 2.161639 -0.453567 1.095005
v 2.161639 -0.231227 1.162451
v 2.161639 -0.000001 1.185225
v 2.161639 0.231225 1.162451
v 2.161639 0.453565 1.095005
v 2.161639 0.658475 0.985479
v 2.161639 0.838080 0.838080
v 2.161639 0.985478 0.658475
v 2.161639 1.095005 0.453566
v 2.161639 1.162451 0.231226
v 2.161639 1.185225 -0.000001
v 2.161639 1.162451 -0.231227
v 2.161639 1.095005 -0.453566
v 2.161639 0.985478 -0.658476
v 2.161639 0.838080 -0.838081
v 2.161639 0.658475 -0.985479
v 2.161639 0.453566 -1.095005
v 2.161639 0.231225 -1.162451
v 2.161639 -0.000001 -1.185226
v 1.199081 -0.231225 -1.162452
v 1.199081 -0.453565 -1.095006
v 1.199081 -0.658475 -0.985480
v 1.199081 -0.838080 -0.838082
v 1.199081 -0.985479 -0.658477
v 1.199081 -1.095006 -0.453567
v 1.199081 -1.162452 -0.231228
v 1.199081 -1.185226 -0.000001
v 1.199081 -1.162452 0.231225
v 1.199081 -1.095007 0.453565
v 1.199081 -0.985480 0.658474
v 1.199081 -0.838082 0.838080
v 1.199081 -0.658477 0.985478
v 1.199081 -0.453567 1.095005
v 1.199081 -0.231227 1.162451
v 1.199081 -0.000001 1.185225
v 1.199081 0.231225 1.162451
v 1.199081 0.453565 1.095005
v 1.199081 0.658475 0.985478
v 1.199081 0.838080 0.838080
v 1.199081 0.985478 0.658475
v 1.199081 1.095005 0.453566
v 1.199081 1.162451 0.231226
v 1.199081 1.185225 -0.000000
v 1.199081 1.162451 -0.231226
v 1.199081 1.095005 -0.453566
v 1.199081 0.985478 -0.658476
v 1.199081 0.838080 -0.838081
v 1.199081 0.658475 -0.985479
v 1.199081 0.453566 -1.095006
v -1.199081 -0.000001 -1.185226
v -1.199081 0.231226 -1.162452
v -1.199081 0.453566 -1.095006
v -1.199081 0.658475 -0.985479
v -1.199081 0.838080 -0.838081
v -1.199081 0.985479 -0.658476
v -1.199081 1.095005 -0.453566
v -1.199081 1.162451 -0.231226
v -1.199081 1.185225 -0.000000
v -1.199081 1.162451 0.231226
v -1.199081 1.095005 0.453566
v -1.199081 0.985479 0.658475
v -1.199081 0.838080 0.838080
v -1.199081 0.658475 0.985478
v -1.199081 0.453565 1.095005
v -1.199081 0.231225 1.162451
v -1.199081 -0.000001 1.185225
v -1.199081 -0.231227 1.162451
v -1.199081 -0.453567 1.095005
v -1.199081 -0.658477 0.985478
v -1.199081 -0.838082 0.838080
v -1.199081 -0.985480 0.658474
v -1.199081 -1.095007 0.453565
v -1.199081 -1.162452 0.231225
v -1.199081 -1.185226 -0.000001
v -1.199081 -1.162452 -0.231228
v -1.199081 -1.095006 -0.453567
v -1.199081 -0.985479 -0.658477
v -1.199081 -0.838080 -0.838082
v -1.199081 -0.658475 -0.985480
v -1.199081 -0.453565 -1.095006
v -1.199081 -0.231225 -1.162452
v -2.161639 -0.000001 -1.185226
v -2.161639 0.231225 -1.162451
v -2.161639 0.453566 -1.095005
v -2.161639 0.658475 -0.985479
v -2.161639 0.838080 -0.838081
v -2.161639 0.985478 -0.658476
v -2.161639 1.095005 -0.453566
v -2.161639 1.162451 -0.231226
v -2.161639 1.185225 -0.000001
v -2.161639 1.162451 0.231226
v -2.161639 1.095005 0.453566
v -2.161639 0.985478 0.658475
v -2.161639 0.838080 0.838081
v -2.161639 0.658475 0.985479
v -2.161639 0.453565 1.095005
v -2.161639 0.231225 1.162451
v -2.161639 -0.000001 1.185225
v -2.161639 -0.231227 1.162451
v -2.161639 -0.453567 1.095005
v -2.161639 -0.658477 0.985478
v -2.161639 -0.838082 0.838080
v -2.161639 -0.985480 0.658475
v -2.161639 -1.095007 0.453565
v -2.161639 -1.162452 0.231225
v -2.161639 -1.185226 -0.000001
v -2.161639 -1.162452 -0.231228
v -2.161639 -1.095006 -0.453567
v -2.161639 -0.985479 -0.658477
v -2.161639 -0.838080 -0.838082
v -2.161639 -0.658475 -0.985480
v -2.161639 -0.453565 -1.095006
v -2.161639 -0.231225 -1.162452
v -1.199081 -0.000001 -0.990697
v -1.199081 0.193275 -0.971661
v -1.199081 0.379123 -0.915285
v -1.199081 0.550402 -0.823735
v -1.199081 0.700528 -0.700529
v -1.199081 0.823734 -0.550402
v -1.199081 0.915284 -0.379123
v -1.199081 0.971661 -0.193276
v -1.199081 0.990697 -0.000000
v -1.199081 0.971661 0.193275
v -1.199081 0.915285 0.379123
v -1.199081 0.823734 0.550402
v -1.199081 0.700529 0.700528
v -1.199081 0.550402 0.823734
v -1.199081 0.379123 0.915284
v -1.199081 0.193275 0.971660
v -1.199081 -0.000001 0.990696
v -1.199081 -0.193276 0.971660
v -1.199081 -0.379124 0.915284
v -1.199081 -0.550403 0.823734
v -1.199081 -0.700530 0.700528
v -1.199081 -0.823736 0.550401
v -1.199081 -0.915286 0.379123
v -1.199081 -0.971662 0.193274
v -1.199081 -0.990698 -0.000001
v -1.199081 -0.971662 -0.193277
v -1.199081 -0.915285 -0.379124
v -1.199081 -0.823735 -0.550403
v -1.199081 -0.700529 -0.700530
v -1.199081 -0.550401 -0.823735
v -1.199081 -0.379123 -0.915285
v -1.199081 -0.193274 -0.971662
v -1.054882 -0.000000 -0.990697
v -1.054882 0.193275 -0.971661
v -1.054882 0.379123 -0.915285
v -1.054882 0.550402 -0.823734
v -1.054882 0.700528 -0.700529
v -1.054882 0.823734 -0.550402
v -1.054882 0.915285 -0.379123
v -1.054882 0.971661 -0.193275
v -1.054882 0.990697 -0.000000
v -1.054882 0.971661 0.193275
v -1.054882 0.915285 0.379123
v -1.054882 0.823735 0.550402
v -1.054882 0.700529 0.700528
v -1.054882 0.550402 0.823734
v -1.054882 0.379123 0.915285
v -1.054882 0.193275 0.971661
v -1.054882 -0.000001 0.990697
v -1.054882 -0.193276 0.971661
v -1.054882 -0.379124 0.915284
v -1.054882 -0.550403 0.823734
v -1.054882 -0.700530 0.700528
v -1.054882 -0.823735 0.550401
v -1.054882 -0.915286 0.379122
v -1.054882 -0.971662 0.193274
v -1.054882 -0.990698 -0.000001
v -1.054882 -0.971662 -0.193276
v -1.054882 -0.915285 -0.379124
v -1.054882 -0.823734 -0.550403
v -1.054882 -0.700528 -0.700529
v -1.054882 -0.550401 -0.823735
v -1.054882 -0.379123 -0.915285
v -1.054882 -0.193274 -0.971661
v -2.161639 -0.000001 -0.990700
v -2.161639 0.193275 -0.971664
v -2.161639 0.379124 -0.915288
v -2.161639 0.550403 -0.823737
v -2.161639 0.700530 -0.700531
v -2.161639 0.823736 -0.550404
v -2.161639 0.915287 -0.379124
v -2.161639 0.971664 -0.193276
v -2.161639 0.990700 -0.000001
v -2.161639 0.971664 0.193276
v -2.161639 0.915287 0.379124
v -2.161639 0.823737 0.550403
v -2.161639 0.700530 0.700530
v -2.161639 0.550403 0.823737
v -2.161639 0.379124 0.915287
v -2.161639 0.193275 0.971664
v -2.161639 -0.000001 0.990699
v -2.161639 -0.193277 0.971664
v -2.161639 -0.379126 0.915287
v -2.161639 -0.550405 0.823736
v -2.161639 -0.700532 0.700530
v -2.161639 -0.823738 0.550403
v -2.161639 -0.915289 0.379123
v -2.161639 -0.971665 0.193275
v -2.161639 -0.990701 -0.000001
v -2.161639 -0.971665 -0.193277
v -2.161639 -0.915288 -0.379126
v -2.161639 -0.823737 -0.550405
v -2.161639 -0.700531 -0.700532
v -2.161639 -0.550403 -0.823738
v -2.161639 -0.379124 -0.915288
v -2.161639 -0.193275 -0.971664
v -2.231537 -0.000001 -0.990699
v -2.231537 0.193275 -0.971663
v -2.231537 0.379124 -0.915287
v -2.231537 0.550403 -0.823736
v -2.231537 0.700530 -0.700530
v -2.231538 0.823736 -0.550403
v -2.231538 0.915287 -0.379124
v -2.231538 0.971664 -0.193276
v -2.231538 0.990700 0.000000
v -2.231538 0.971664 0.193276
v -2.231537 0.915287 0.379124
v -2.231538 0.823737 0.550403
v -2.231538 0.700530 0.700531
v -2.231538 0.550403 0.823737
v -2.231537 0.379124 0.915288
v -2.231537 0.193275 0.971664
v -2.231537 -0.000001 0.990700
v -2.231538 -0.193277 0.971664
v -2.231537 -0.379126 0.915287
v -2.231538 -0.550404 0.823737
v -2.231538 -0.700532 0.700530
v -2.231537 -0.823738 0.550403
v -2.231537 -0.915289 0.379124
v -2.231537 -0.971665 0.193275
v -2.231537 -0.990701 -0.000001
v -2.231537 -0.971665 -0.193277
v -2.231537 -0.915288 -0.379125
v -2.231537 -0.823737 -0.550404
v -2.231537 -0.700530 -0.700531
v -2.231537 -0.550403 -0.823737
v -2.231537 -0.379123 -0.915287
v -2.231537 -0.193275 -0.971664
v -2.304705 -0.000001 -0.901764
v -2.304705 0.175925 -0.884436
v -2.304705 0.345089 -0.833121
v -2.304705 0.500992 -0.749789
v -2.304705 0.637643 -0.637643
v -2.304705 0.749788 -0.500993
v -2.304705 0.833121 -0.345090
v -2.304705 0.884436 -0.175926
v -2.304705 0.901763 -0.000001
v -2.304705 0.884436 0.175925
v -2.304705 0.833120 0.345089
v -2.304705 0.749789 0.500992
v -2.304705 0.637643 0.637642
v -2.304705 0.500992 0.749788
v -2.304705 0.345089 0.833121
v -2.304705 0.175925 0.884436
v -2.304705 -0.000001 0.901762
v -2.304705 -0.175926 0.884435
v -2.304705 -0.345091 0.833120
v -2.304705 -0.500994 0.749788
v -2.304705 -0.637644 0.637642
v -2.304705 -0.749790 0.500992
v -2.304705 -0.833122 0.345089
v -2.304705 -0.884437 0.175924
v -2.304705 -0.901764 -0.000001
v -2.304705 -0.884437 -0.175926
v -2.304705 -0.833121 -0.345091
v -2.304705 -0.749789 -0.500994
v -2.304705 -0.637643 -0.637644
v -2.304705 -0.500992 -0.749789
v -2.304705 -0.345089 -0.833121
v -2.304705 -0.175924 -0.884437
v -2.304705 -0.000000 -0.802590
v -2.304705 0.156577 -0.787169
v -2.304705 0.307137 -0.741496
v -2.304705 0.445895 -0.667329
v -2.304705 0.567516 -0.567517
v -2.304705 0.667329 -0.445895
v -2.304705 0.741496 -0.307138
v -2.304705 0.787168 -0.156578
v -2.304705 0.802590 -0.000001
v -2.304705 0.787168 0.156577
v -2.304705 0.741496 0.307137
v -2.304705 0.667329 0.445894
v -2.304705 0.567516 0.567516
v -2.304705 0.445895 0.667329
v -2.304705 0.307137 0.741496
v -2.304705 0.156577 0.787168
v -2.304705 -0.000001 0.802589
v -2.304705 -0.156578 0.787168
v -2.304705 -0.307139 0.741495
v -2.304705 -0.445896 0.667328
v -2.304705 -0.567518 0.567516
v -2.304705 -0.667330 0.445894
v -2.304705 -0.741497 0.307137
v -2.304705 -0.787169 0.156577
v -2.304705 -0.802591 -0.000001
v -2.304705 -0.787169 -0.156578
v -2.304705 -0.741497 -0.307139
v -2.304705 -0.667329 -0.445896
v -2.304705 -0.567516 -0.567517
v -2.304705 -0.445895 -0.667330
v -2.304705 -0.307137 -0.741497
v -2.304705 -0.156577 -0.787169
v -1.756053 -0.000000 -0.802589
v -1.756053 0.156577 -0.787168
v -1.756052 0.307138 -0.741496
v -1.756053 0.445895 -0.667329
v -1.756053 0.567517 -0.567516
v -1.756053 0.667329 -0.445895
v -1.756053 0.741496 -0.307138
v -1.756053 0.787168 -0.156577
v -1.756053 0.802590 0.000000
v -1.756053 0.787168 0.156577
v -1.756053 0.741496 0.307138
v -1.756053 0.667329 0.445895
v -1.756053 0.567517 0.567517
v -1.756053 0.445895 0.667329
v -1.756053 0.307137 0.741496
v -1.756053 0.156577 0.787168
v -1.756052 -0.000001 0.802589
v -1.756053 -0.156578 0.787168
v -1.756053 -0.307139 0.741496
v -1.756053 -0.445896 0.667329
v -1.756052 -0.567517 0.567516
v -1.756052 -0.667330 0.445894
v -1.756052 -0.741497 0.307137
v -1.756053 -0.787169 0.156577
v -1.756052 -0.802591 -0.000001
v -1.756052 -0.787169 -0.156578
v -1.756053 -0.741497 -0.307138
v -1.756052 -0.667329 -0.445896
v -1.756052 -0.567516 -0.567517
v -1.756052 -0.445894 -0.667329
v -1.756052 -0.307137 -0.741496
v -1.756053 -0.156577 -0.787168
v -1.807254 -0.000000 -0.698451
v -1.807254 0.136261 -0.685030
v -1.807254 0.267286 -0.645284
v -1.807254 0.388039 -0.580741
v -1.807254 0.493880 -0.493879
v -1.807254 0.580741 -0.388039
v -1.807254 0.645285 -0.267285
v -1.807254 0.685031 -0.136261
v -1.807254 0.698451 -0.000000
v -1.807254 0.685031 0.136261
v -1.807254 0.645285 0.267286
v -1.807254 0.580741 0.388039
v -1.807254 0.493880 0.493880
v -1.807254 0.388039 0.580741
v -1.807254 0.267285 0.645285
v -1.807254 0.136261 0.685031
v -1.807254 -0.000000 0.698451
v -1.807254 -0.136262 0.685031
v -1.807254 -0.267287 0.645285
v -1.807254 -0.388040 0.580741
v -1.807254 -0.493880 0.493879
v -1.807254 -0.580742 0.388038
v -1.807254 -0.645286 0.267285
v -1.807254 -0.685032 0.136261
v -1.807254 -0.698452 -0.000001
v -1.807254 -0.685031 -0.136262
v -1.807254 -0.645285 -0.267286
v -1.807254 -0.580741 -0.388039
v -1.807254 -0.493879 -0.493880
v -1.807254 -0.388038 -0.580741
v -1.807254 -0.267285 -0.645285
v -1.807254 -0.136260 -0.685031
v -1.896465 -0.000000 -0.462369
v -1.896465 0.090204 -0.453485
v -1.896465 0.176941 -0.427173
v -1.896465 0.256879 -0.384446
v -1.896465 0.326944 -0.326944
v -1.896465 0.384446 -0.256878
v -1.896465 0.427174 -0.176941
v -1.896465 0.453485 -0.090204
v -1.896465 0.462369 -0.000000
v -1.896465 0.453485 0.090204
v -1.896465 0.427174 0.176941
v -1.896465 0.384446 0.256878
v -1.896465 0.326944 0.326944
v -1.896465 0.256878 0.384446
v -1.896465 0.176941 0.427174
v -1.896465 0.090203 0.453485
v -1.896465 -0.000000 0.462369
v -1.896465 -0.090204 0.453485
v -1.896465 -0.176942 0.427173
v -1.896465 -0.256879 0.384446
v -1.896465 -0.326945 0.326944
v -1.896465 -0.384447 0.256878
v -1.896465 -0.427174 0.176941
v -1.896465 -0.453486 0.090203
v -1.896465 -0.462370 -0.000000
v -1.896465 -0.453486 -0.090204
v -1.896465 -0.427174 -0.176941
v -1.896465 -0.384446 -0.256879
v -1.896465 -0.326944 -0.326945
v -1.896465 -0.256878 -0.384446
v -1.896465 -0.176941 -0.427174
v -1.896465 -0.090203 -0.453485
v -1.961761 -0.000000 -0.227006
v -1.961760 0.044286 -0.222644
v -1.961760 0.086871 -0.209726
v -1.961761 0.126118 -0.188748
v -1.961760 0.160517 -0.160517
v -1.961761 0.188748 -0.126118
v -1.961761 0.209726 -0.086871
v -1.961761 0.222644 -0.044287
v -1.961761 0.227006 -0.000000
v -1.961761 0.222644 0.044287
v -1.961761 0.209726 0.086871
v -1.961761 0.188748 0.126118
v -1.961761 0.160517 0.160517
v -1.961761 0.126118 0.188748
v -1.961761 0.086871 0.209726
v -1.961761 0.044286 0.222644
v -1.961761 -0.000000 0.227006
v -1.961761 -0.044287 0.222644
v -1.961761 -0.086872 0.209726
v -1.961761 -0.126118 0.188748
v -1.961761 -0.160518 0.160517
v -1.961760 -0.188749 0.126118
v -1.961761 -0.209727 0.086871
v -1.961761 -0.222645 0.044286
v -1.961761 -0.227006 -0.000000
v -1.961761 -0.222644 -0.044287
v -1.961761 -0.209726 -0.086872
v -1.961760 -0.188749 -0.126118
v -1.961761 -0.160518 -0.160518
v -1.961761 -0.126118 -0.188749
v -1.961761 -0.086871 -0.209726
v -1.961761 -0.044287 -0.222644
v 1.199081 0.231226 -1.162452
v 1.199081 -0.000001 -1.185226
vn 1.000000 0.000001 0.000002
vn 1.000000 -0.000005 -0.000014
vn 1.000000 0.000000 -0.000000
vn 0.949644 0.221503 0.221503
vn 0.949644 0.174047 0.260475
vn 0.963606 0.148517 0.222277
vn 0.949644 -0.119877 0.289407
vn 0.963606 -0.102300 0.246980
vn 0.963606 -0.052157 0.262191
vn 0.949644 -0.307260 0.061098
vn 0.963606 -0.262192 0.052149
vn 0.963606 -0.246976 0.102304
vn 0.949644 -0.260475 -0.174047
vn 0.949644 -0.221503 -0.221503
vn 0.963605 -0.189035 -0.189027
vn 0.949644 0.119877 -0.289407
vn 0.963606 0.102297 -0.246981
vn 0.963606 0.052158 -0.262190
vn 0.949644 0.307260 -0.061098
vn 0.963605 0.262192 -0.052156
vn 0.963605 0.246979 -0.102307
vn 0.949644 0.260475 0.174047
vn 0.963605 0.189033 0.189030
vn 0.949644 -0.061098 0.307230
vn 0.963605 -0.000007 0.267329
vn 0.949644 -0.260475 0.174047
vn 0.949644 -0.289407 0.119877
vn 0.963605 -0.222276 -0.148520
vn 0.963606 -0.246978 -0.102304
vn 0.949644 -0.061098 -0.307260
vn 0.949644 0.000000 -0.313273
vn 0.963606 0.000003 -0.267327
vn 0.949644 0.061098 -0.307260
vn 0.949644 0.289407 -0.119877
vn 0.963606 0.222271 -0.148524
vn 0.963606 0.222275 0.148520
vn 0.963606 0.246977 0.102303
vn 0.949644 0.061098 0.307260
vn 0.949644 0.000000 0.313273
vn 0.963606 -0.222272 0.148522
vn 0.963606 -0.189031 0.189026
vn 0.949644 -0.307260 -0.061098
vn 0.949644 -0.289407 -0.119877
vn 0.963605 -0.052159 -0.262192
vn 0.963605 -0.102306 -0.246980
vn 0.949644 0.260475 -0.174047
vn 0.963606 0.189030 -0.189026
vn 0.949644 0.307260 0.061098
vn 0.949644 0.289407 0.119877
vn 0.949644 0.119877 0.289407
vn 0.963606 0.052152 0.262191
vn 0.949644 -0.221503 0.221503
vn 0.963606 -0.148519 0.222275
vn 0.949644 -0.313273 0.000000
vn 0.963606 -0.262191 -0.052152
vn 0.949644 -0.119877 -0.289407
vn 0.963605 -0.148523 -0.222276
vn 0.949644 0.221503 -0.221503
vn 0.963606 0.148516 -0.222276
vn 0.963605 0.262194 0.052154
vn 0.963605 0.267330 0.000001
vn 0.963606 0.102301 0.246977
vn 0.949644 -0.174047 0.260475
vn 0.963606 -0.267328 -0.000002
vn 0.949644 -0.174047 -0.260475
vn 0.949644 0.174047 -0.260475
vn 0.949644 0.313273 0.000000
vn 0.916349 0.392621 0.078097
vn 0.916349 0.369823 0.153172
vn 0.916349 0.153172 0.369823
vn 0.916349 0.078097 0.392621
vn 0.916349 -0.283059 0.283059
vn 0.916349 -0.400311 0.000000
vn 0.916349 -0.392621 -0.078097
vn 0.916349 -0.222388 -0.332835
vn 0.916349 -0.153172 -0.369823
vn 0.916349 0.283059 -0.283059
vn 0.916349 -0.153172 0.369823
vn 0.916349 -0.222388 0.332835
vn 0.916349 -0.283059 -0.283059
vn 0.916349 0.222388 -0.332835
vn 0.916349 0.392621 -0.078097
vn 0.916349 0.400311 0.000000
vn 0.916349 0.283059 0.283059
vn 0.916349 0.222388 0.332835
vn 0.916349 -0.392621 0.078097
vn 0.916349 -0.332835 -0.222388
vn 0.916349 0.078066 -0.392621
vn 0.916349 0.153172 -0.369823
vn 0.916349 0.332835 0.222388
vn 0.916349 -0.078097 0.392621
vn 0.916349 -0.369823 0.153172
vn 0.916349 -0.369823 -0.153172
vn 0.916349 -0.078066 -0.392621
vn 0.916349 0.000000 -0.400311
vn 0.916349 0.369823 -0.153172
vn 0.916349 0.000000 0.400311
vn 0.916349 -0.332835 0.222388
vn 0.916349 0.332835 -0.222388
vn 0.897398 0.432744 -0.086079
vn 0.897398 0.311990 0.311991
vn 0.897398 -0.000000 0.441223
vn 0.897397 -0.086079 0.432745
vn 0.897398 -0.407636 0.168848
vn 0.897399 -0.407635 -0.168848
vn 0.897398 -0.366862 -0.245131
vn 0.897398 -0.086076 -0.432744
vn 0.897399 -0.000000 -0.441220
vn 0.897398 0.086077 -0.432744
vn 0.897399 0.407634 -0.168848
vn 0.897398 0.366863 0.245130
vn 0.897396 -0.366866 0.245131
vn 0.897398 -0.432743 -0.086079
vn 0.897400 0.366859 -0.245128
vn 0.897398 0.407636 0.168848
vn 0.897399 0.168848 0.407634
vn 0.897399 0.086077 0.432742
vn 0.897398 -0.311992 0.311991
vn 0.897398 -0.441221 -0.000001
vn 0.897396 -0.245131 -0.366866
vn 0.897397 -0.168846 -0.407638
vn 0.897399 0.311989 -0.311990
vn 0.897397 0.441223 0.000001
vn 0.897398 0.432743 0.086078
vn 0.897398 -0.168848 0.407636
vn 0.897399 -0.245128 0.366860
vn 0.897398 -0.311992 -0.311991
vn 0.897397 0.245131 -0.366865
vn 0.897398 0.245131 0.366862
vn 0.897399 -0.432742 0.086078
vn 0.897396 0.168850 -0.407639
vn 0.000001 -0.707107 0.707107
vn 0.000001 -0.707107 0.707106
vn 0.000001 -0.555570 0.831470
vn -0.000000 -0.980785 -0.195090
vn 0.000000 -1.000000 -0.000001
vn -0.000001 -0.382683 -0.923880
vn -0.000001 -0.555570 -0.831470
vn -0.000001 0.555570 -0.831470
vn -0.000001 0.382684 -0.923879
vn 0.000000 1.000000 0.000001
vn -0.000000 0.980785 -0.195090
vn 0.000001 0.555570 0.831470
vn 0.000002 0.555569 0.831470
vn 0.000001 0.707105 0.707109
vn 0.000001 -0.382684 0.923879
vn 0.000001 -0.555569 0.831471
vn 0.000000 -0.980785 0.195090
vn 0.000000 -1.000000 -0.000000
vn -0.000001 -0.707106 -0.707107
vn -0.000001 0.195090 -0.980785
vn -0.000001 0.382685 -0.923879
vn -0.000000 0.923880 -0.382683
vn 0.000001 0.707106 0.707108
vn 0.000001 0.831468 0.555572
vn 0.000001 -0.195092 0.980785
vn 0.000001 -0.382684 0.923880
vn 0.000000 -0.923879 0.382685
vn -0.000000 -0.831470 -0.555570
vn -0.000001 -0.707107 -0.707106
vn -0.000000 0.195090 -0.980785
vn -0.000001 0.000000 -1.000000
vn 0.000000 0.923880 -0.382682
vn -0.000000 0.831469 -0.555570
vn 0.000001 0.923879 0.382684
vn 0.000001 0.831469 0.555572
vn 0.000002 -0.000001 1.000000
vn 0.000001 -0.000001 1.000000
vn 0.000002 0.195089 0.980785
vn 0.000001 -0.195091 0.980785
vn 0.000001 -0.831469 0.555571
vn -0.000001 -0.831469 -0.555571
vn -0.000000 -0.923880 -0.382683
vn -0.000001 -0.195088 -0.980786
vn -0.000000 0.831469 -0.555571
vn -0.000000 0.707107 -0.707107
vn 0.000001 0.923879 0.382685
vn 0.000001 0.980785 0.195093
vn 0.000002 0.382683 0.923880
vn 0.000002 0.195089 0.980786
vn 0.000000 -0.831469 0.555571
vn -0.000000 -0.923879 -0.382684
vn -0.000001 -0.195089 -0.980786
vn -0.000001 0.707106 -0.707107
vn 0.000000 0.980785 0.195091
vn 1.000000 -0.000001 0.000000
vn 1.000000 -0.000002 0.000000
vn 1.000000 0.000000 0.000001
vn 1.000000 0.000001 -0.000000
vn 1.000000 0.000001 0.000001
vn 1.000000 0.000001 -0.000001
vn 1.000000 0.000002 -0.000001
vn 1.000000 -0.000002 -0.000002
vn 1.000000 -0.000001 0.000001
vn 1.000000 -0.000003 -0.000000
vn 1.000000 -0.000002 0.000001
vn 1.000000 -0.000000 -0.000001
vn 1.000000 -0.000003 -0.000002
vn 1.000000 -0.000001 -0.000001
vn 1.000000 -0.000001 -0.000002
vn 1.000000 -0.000002 -0.000001
vn 1.000000 0.000002 0.000001
vn 1.000000 0.000002 0.000000
vn 0.772243 -0.449243 -0.449245
vn 0.772244 -0.352969 -0.528254
vn 0.772244 -0.352968 -0.528255
vn 0.772244 0.352968 -0.528255
vn 0.772242 0.243129 -0.586967
vn 0.772247 0.635322 0.000000
vn 0.772247 0.635323 -0.000000
vn 0.772247 0.623115 -0.123946
vn 0.772247 0.352966 0.528251
vn 0.772247 0.352967 0.528251
vn 0.772247 0.449241 0.449241
vn 0.772248 -0.123944 0.623114
vn 0.772248 -0.243127 0.586960
vn 0.772246 -0.586963 0.243127
vn 0.772244 -0.623119 0.123946
vn 0.772244 -0.623118 0.123945
vn 0.772243 -0.528255 -0.352969
vn 0.772243 -0.449242 -0.449246
vn 0.772241 0.123946 -0.623122
vn 0.772245 0.586963 -0.243130
vn 0.772247 0.449240 0.449241
vn 0.772248 0.528250 0.352967
vn 0.772248 -0.123944 0.623113
vn 0.772247 0.000000 0.635322
vn 0.772247 -0.528251 0.352967
vn 0.772241 -0.586968 -0.243130
vn 0.772243 -0.528255 -0.352971
vn 0.772243 -0.123945 -0.623120
vn 0.772242 0.000000 -0.635328
vn 0.772242 0.000001 -0.635328
vn 0.772245 0.586964 -0.243130
vn 0.772245 0.528254 -0.352968
vn 0.772248 0.528249 0.352967
vn 0.772245 0.586963 0.243128
vn 0.772247 0.123944 0.623115
vn 0.772247 0.000001 0.635322
vn 0.772247 -0.449240 0.449241
vn 0.772247 -0.528252 0.352966
vn 0.772243 -0.623120 -0.123946
vn 0.772242 -0.586966 -0.243131
vn 0.772244 -0.243128 -0.586965
vn 0.772245 0.528254 -0.352967
vn 0.772244 0.449243 -0.449243
vn 0.772246 0.586962 0.243129
vn 0.772246 0.623117 0.123946
vn 0.772247 0.123943 0.623115
vn 0.772247 0.243128 0.586961
vn 0.772247 -0.352966 0.528251
vn 0.772244 -0.635327 -0.000000
vn 0.772244 -0.623118 -0.123946
vn 0.772245 -0.243128 -0.586964
vn 0.772246 0.623116 0.123947
vn 0.772247 0.243127 0.586961
vn 0.772245 -0.635325 -0.000001
vn 0.000003 -0.923879 -0.382684
vn 0.000003 -0.980785 -0.195091
vn 0.000007 -0.195089 -0.980785
vn 0.000009 -0.382682 -0.923880
vn 0.000005 0.707108 -0.707105
vn 0.000004 0.831469 -0.555571
vn 0.000004 0.831469 -0.555570
vn -0.000001 0.980785 0.195090
vn -0.000002 0.923880 0.382681
vn -0.000002 0.923880 0.382683
vn -0.000009 0.382683 0.923880
vn -0.000004 0.195090 0.980785
vn -0.000005 0.195090 0.980785
vn -0.000002 -0.707107 0.707107
vn -0.000001 -0.707107 0.707107
vn -0.000002 -0.555571 0.831469
vn 0.000003 -0.980785 -0.195092
vn 0.000002 -1.000000 0.000001
vn 0.000005 -0.555570 -0.831470
vn 0.000006 0.555570 -0.831470
vn 0.000005 0.707109 -0.707105
vn 0.000001 1.000000 -0.000001
vn -0.000001 0.980785 0.195092
vn -0.000003 0.555571 0.831469
vn -0.000005 -0.382684 0.923880
vn 0.000003 -1.000000 -0.000001
vn 0.000001 -0.980785 0.195090
vn 0.000006 -0.555570 -0.831470
vn 0.000010 -0.707106 -0.707108
vn 0.000010 0.382682 -0.923880
vn 0.000007 0.555571 -0.831469
vn 0.000001 0.980785 -0.195091
vn 0.000001 1.000000 0.000001
vn -0.000002 0.707107 0.707107
vn -0.000002 0.555570 0.831470
vn -0.000003 -0.195090 0.980785
vn 0.000001 -0.980785 0.195089
vn 0.000000 -0.923880 0.382682
vn 0.000010 -0.707105 -0.707108
vn 0.000009 -0.831468 -0.555573
vn 0.000007 0.195090 -0.980785
vn 0.000009 0.382683 -0.923880
vn 0.000001 0.923879 -0.382684
vn 0.000001 0.980785 -0.195090
vn -0.000004 0.831470 0.555569
vn -0.000007 0.000000 1.000000
vn 0.000001 -0.923881 0.382681
vn 0.000001 -0.831470 0.555569
vn 0.000008 0.000001 -1.000000
vn 0.000001 0.923879 -0.382683
vn 1.000000 -0.000003 0.000001
vn -1.000000 0.000000 0.000000
vn -1.000000 -0.000001 0.000000
vn 0.000000 -0.707107 0.707106
vn 0.000001 -0.555571 0.831469
vn -0.000002 -0.980785 -0.195092
vn -0.000001 -1.000000 -0.000001
vn -0.000001 -1.000000 -0.000000
vn -0.000000 -0.555568 -0.831471
vn -0.000001 -0.555569 -0.831471
vn 0.000000 -0.382681 -0.923880
vn -0.000003 0.555570 -0.831470
vn -0.000002 0.555570 -0.831470
vn -0.000001 0.707107 -0.707107
vn -0.000000 1.000000 0.000000
vn -0.000000 0.980785 0.195090
vn 0.000004 0.555571 0.831469
vn 0.000003 0.555571 0.831469
vn 0.000005 0.382684 0.923879
vn 0.000001 -0.382683 0.923880
vn -0.000001 -0.980785 0.195089
vn -0.000001 -0.980786 0.195089
vn -0.000002 -0.707105 -0.707108
vn -0.000003 -0.707106 -0.707107
vn -0.000000 0.382683 -0.923880
vn 0.000001 0.382684 -0.923879
vn -0.000001 0.980785 -0.195091
vn 0.000001 0.707106 0.707107
vn 0.000000 0.707106 0.707107
vn 0.000001 -0.195090 0.980785
vn 0.000002 -0.195090 0.980785
vn -0.000001 -0.923880 0.382683
vn -0.000002 -0.831469 -0.555571
vn 0.000001 0.195090 -0.980785
vn -0.000001 0.831469 0.555571
vn -0.000001 0.831470 0.555570
vn -0.000002 -0.831469 0.555571
vn -0.000001 -0.831470 0.555570
vn -0.000002 -0.923879 -0.382684
vn -0.000001 -0.923879 -0.382685
vn -0.000001 -0.195090 -0.980785
vn -0.000001 -0.195089 -0.980785
vn 0.000000 0.000001 -1.000000
vn 0.000001 0.000001 -1.000000
vn -0.000000 0.831470 -0.555570
vn -0.000001 0.923880 0.382683
vn 0.000006 0.195090 0.980785
vn 0.000005 0.195090 0.980785
vn -0.000001 -0.980785 -0.195091
vn -0.000000 -0.382682 -0.923880
vn -0.000001 0.707107 -0.707106
vn 0.000006 0.382684 0.923879
vn 0.000000 -0.555571 0.831469
vn 0.000000 -0.707108 0.707106
vn 0.000000 0.382683 0.923880
vn 0.000001 0.195090 0.980785
vn 0.000000 0.195090 0.980785
vn -0.000000 0.923880 0.382683
vn 0.000000 -0.195089 -0.980785
vn 0.000000 -0.195089 -0.980786
vn 0.000000 -0.980785 -0.195091
vn 0.000000 -0.831470 0.555570
vn 0.000000 -0.000000 1.000000
vn -0.000000 0.923880 0.382684
vn -0.000000 0.831470 0.555570
vn -0.000000 0.923880 -0.382684
vn -0.000000 0.000002 -1.000000
vn -0.000001 0.195091 -0.980785
vn 0.000000 -0.831469 -0.555572
vn 0.000000 -0.831469 -0.555571
vn 0.000000 -0.923880 0.382683
vn 0.000000 -0.195090 0.980785
vn -0.000000 0.831469 0.555570
vn 0.000000 0.707107 0.707107
vn -0.000000 0.980785 -0.195091
vn -0.000000 -0.707105 -0.707108
vn 0.000000 -0.707106 -0.707108
vn 0.000000 -0.980785 0.195089
vn 0.000000 -0.980786 0.195089
vn 0.000000 -0.382684 0.923879
vn 0.000000 -0.382683 0.923880
vn 0.000000 0.555570 0.831470
vn -0.000000 0.555570 -0.831470
vn -0.000000 0.555571 -0.831469
vn 0.000000 -0.555569 -0.831470
vn -0.000005 0.195089 0.980785
vn -0.000005 0.382684 0.923879
vn 0.000001 0.923880 0.382683
vn 0.000001 0.831470 -0.555570
vn 0.000002 0.707107 -0.707107
vn 0.000001 0.707107 -0.707107
vn 0.000002 -0.195089 -0.980785
vn 0.000001 -0.382681 -0.923880
vn 0.000001 -0.382682 -0.923880
vn 0.000001 -0.923879 -0.382684
vn 0.000002 -0.923879 -0.382684
vn 0.000001 -0.980785 -0.195091
vn 0.000002 -0.831469 0.555571
vn 0.000002 -0.831470 0.555570
vn -0.000000 -0.707106 0.707107
vn -0.000003 -0.000001 1.000000
vn -0.000002 -0.000001 1.000000
vn -0.000000 0.831469 0.555571
vn -0.000001 0.923880 -0.382683
vn 0.000002 -0.195090 -0.980785
vn 0.000003 -0.831469 -0.555571
vn 0.000004 -0.831469 -0.555571
vn 0.000002 -0.923880 0.382682
vn -0.000002 -0.195090 0.980785
vn -0.000002 0.707106 0.707107
vn -0.000000 0.382684 -0.923879
vn 0.000003 -0.707106 -0.707108
vn 0.000004 -0.707106 -0.707107
vn 0.000002 -0.980786 0.195089
vn 0.000002 -0.923880 0.382683
vn -0.000002 -0.382684 0.923879
vn -0.000005 0.555571 0.831469
vn 0.000003 0.555570 -0.831470
vn 0.000001 0.382683 -0.923880
vn 0.000002 -0.555569 -0.831471
vn 0.000001 -1.000000 -0.000001
vn 0.000002 -0.980785 0.195089
vn -0.000001 -0.555571 0.831469
vn 0.000003 0.555569 -0.831470
vn 0.000001 -0.555568 -0.831471
vn 0.000002 -0.980785 -0.195092
vn -0.000001 -0.707106 0.707107
vn -1.000000 0.000001 0.000000
vn -1.000000 0.000001 -0.000001
vn -1.000000 -0.000002 0.000000
vn -1.000000 0.000002 0.000000
vn -1.000000 -0.000001 -0.000001
vn -1.000000 0.000000 -0.000001
vn 0.000002 -0.707106 0.707107
vn -0.000001 -0.831471 0.555568
vn -0.000000 -0.831471 0.555568
vn 0.000008 0.000000 1.000000
vn 0.000007 0.000000 1.000000
vn 0.000003 0.923880 0.382683
vn 0.000003 0.923879 0.382684
vn 0.000005 0.831470 0.555570
vn -0.000005 0.831469 -0.555571
vn -0.000005 0.831470 -0.555570
vn -0.000002 0.923880 -0.382683
vn -0.000007 0.000001 -1.000000
vn -0.000008 0.195090 -0.980785
vn -0.000008 0.195089 -0.980785
vn -0.000010 -0.195090 -0.980785
vn -0.000004 -0.923879 -0.382684
vn -0.000009 -0.831469 -0.555571
vn -0.000009 -0.831469 -0.555572
vn -0.000000 -0.923879 0.382684
vn 0.000005 -0.195089 0.980786
vn 0.000005 -0.195089 0.980785
vn 0.000004 0.831470 0.555569
vn 0.000002 0.707106 0.707107
vn -0.000001 0.980785 -0.195090
vn -0.000010 0.382683 -0.923880
vn -0.000010 -0.707106 -0.707108
vn -0.000010 -0.707105 -0.707109
vn -0.000002 -0.980785 0.195090
vn -0.000002 -0.980785 0.195089
vn 0.000004 -0.382684 0.923879
vn 0.000005 -0.382683 0.923880
vn 0.000001 0.707107 0.707107
vn 0.000002 0.555571 0.831469
vn -0.000001 1.000000 0.000001
vn -0.000009 0.382682 -0.923880
vn -0.000007 0.555571 -0.831469
vn -0.000006 -0.555570 -0.831470
vn -0.000005 -0.555570 -0.831470
vn -0.000002 -1.000000 0.000002
vn -0.000003 -1.000000 0.000000
vn 0.000002 -0.555571 0.831469
vn 0.000003 -0.555571 0.831469
vn 0.000010 0.382682 0.923880
vn -0.000001 1.000000 -0.000001
vn 0.000001 0.980785 0.195091
vn -0.000006 0.555571 -0.831469
vn -0.000005 0.707108 -0.707106
vn -0.000011 -0.382681 -0.923881
vn -0.000010 -0.382681 -0.923881
vn -0.000004 -0.980785 -0.195092
vn -0.000004 -0.980785 -0.195093
vn 0.000002 -0.707107 0.707107
vn 0.000010 0.382683 0.923880
vn 0.000001 0.980785 0.195090
vn -0.000005 0.707107 -0.707106
vn -0.000010 -0.195089 -0.980785
vn -0.000004 -0.923878 -0.382686
vn -0.772243 -0.623120 0.123945
vn -0.772244 -0.623119 0.123945
vn -0.772245 -0.635325 -0.000000
vn -0.772247 -0.243129 0.586961
vn -0.772247 -0.352965 0.528252
vn -0.772249 0.352964 0.528250
vn -0.772248 0.243127 0.586961
vn -0.772248 0.243127 0.586960
vn -0.772245 0.635325 -0.000000
vn -0.772245 0.623117 0.123946
vn -0.772245 0.623116 0.123947
vn -0.772243 0.352968 -0.528255
vn -0.772244 0.449243 -0.449243
vn -0.772244 0.449244 -0.449243
vn -0.772242 -0.352970 -0.528256
vn -0.772242 -0.352969 -0.528256
vn -0.772243 -0.243129 -0.586966
vn -0.772244 -0.635326 0.000000
vn -0.772244 -0.623119 -0.123947
vn -0.772247 -0.449241 0.449240
vn -0.772247 0.123943 0.623115
vn -0.772247 0.123944 0.623115
vn -0.772245 0.586964 0.243127
vn -0.772245 0.586964 0.243128
vn -0.772245 0.528252 -0.352969
vn -0.772245 0.528253 -0.352968
vn -0.772242 -0.123946 -0.623122
vn -0.772243 -0.623120 -0.123947
vn -0.772241 -0.586967 -0.243131
vn -0.772247 -0.528251 0.352966
vn -0.772247 0.000001 0.635322
vn -0.772247 0.528251 0.352966
vn -0.772247 0.528252 0.352966
vn -0.772245 0.586963 -0.243129
vn -0.772245 0.586964 -0.243128
vn -0.772242 0.000001 -0.635328
vn -0.772241 0.123947 -0.623122
vn -0.772242 -0.123945 -0.623122
vn -0.772242 -0.586967 -0.243131
vn -0.772243 -0.528255 -0.352970
vn -0.772247 -0.586962 0.243126
vn -0.772249 -0.123943 0.623113
vn -0.772248 -0.123944 0.623113
vn -0.772248 0.449239 0.449241
vn -0.772247 0.449240 0.449241
vn -0.772245 0.623117 -0.123946
vn -0.772241 0.123946 -0.623122
vn -0.772243 0.243128 -0.586966
vn -0.772244 -0.528253 -0.352970
vn -0.772244 -0.449242 -0.449245
vn -0.772245 -0.586964 0.243127
vn -0.772244 0.352968 -0.528255
vn -0.772243 -0.449243 -0.449245
vn -0.000002 0.555569 0.831471
vn -0.000002 0.382683 0.923880
vn -0.000001 0.980785 0.195093
vn -0.000000 0.980785 0.195092
vn 0.000001 0.555570 -0.831470
vn 0.000001 -0.382683 -0.923880
vn 0.000001 -0.195089 -0.980786
vn -0.000002 0.195090 0.980785
vn -0.000002 0.195089 0.980786
vn -0.000001 0.923879 0.382684
vn 0.000001 -0.000000 -1.000000
vn -0.000000 -0.831469 0.555570
vn -0.000001 -0.000001 1.000000
vn -0.000001 -0.195091 0.980785
vn -0.000001 0.831468 0.555572
vn 0.000001 -0.707107 -0.707107
vn -0.000000 -0.980785 0.195091
vn -0.000001 -0.382684 0.923880
vn -0.000001 0.707105 0.707109
vn 0.000001 -0.555571 -0.831469
vn -0.000001 -0.382684 0.923879
vn -0.000001 -0.555570 0.831470
vn -0.000001 0.555570 0.831470
vn 0.000001 -0.555570 -0.831470
vn -0.897399 0.086078 -0.432743
vn -0.916349 0.078097 -0.392621
vn -0.916349 0.153172 -0.369823
vn -0.897398 -0.366862 -0.245131
vn -0.916349 -0.332835 -0.222388
vn -0.916349 -0.283059 -0.283059
vn -0.897397 -0.407638 0.168848
vn -0.916349 -0.369823 0.153172
vn -0.916349 -0.392621 0.078097
vn -0.916349 -0.078097 0.392621
vn -0.916349 -0.153172 0.369823
vn -0.897399 -0.168849 0.407634
vn -0.897399 0.311990 0.311991
vn -0.916349 0.283059 0.283059
vn -0.916349 0.222388 0.332835
vn -0.897398 0.432744 -0.086079
vn -0.916349 0.392621 -0.078097
vn -0.916349 0.400311 0.000000
vn -0.916349 0.222388 -0.332835
vn -0.897397 0.245130 -0.366865
vn -0.897398 -0.311991 -0.311991
vn -0.916349 -0.222388 -0.332835
vn -0.916349 -0.400311 0.000000
vn -0.897399 -0.441221 -0.000000
vn -0.916349 -0.222388 0.332835
vn -0.916349 0.153172 0.369823
vn -0.897399 0.168847 0.407635
vn -0.916349 0.392621 0.078097
vn -0.897398 0.432745 0.086078
vn -0.916349 0.283059 -0.283059
vn -0.897398 0.311991 -0.311990
vn -0.897397 -0.245130 -0.366865
vn -0.916349 -0.153172 -0.369823
vn -0.916349 -0.392621 -0.078097
vn -0.897399 -0.245129 0.366861
vn -0.916349 -0.283059 0.283059
vn -0.916349 0.078097 0.392621
vn -0.916349 0.369823 0.153172
vn -0.897398 0.407636 0.168848
vn -0.916349 0.332835 -0.222388
vn -0.897399 0.366861 -0.245129
vn -0.916349 -0.078066 -0.392621
vn -0.897399 -0.086077 -0.432743
vn -0.897398 -0.432743 -0.086079
vn -0.916349 -0.369823 -0.153172
vn -0.916349 -0.332835 0.222388
vn -0.897398 -0.366862 0.245130
vn -0.897399 0.086077 0.432742
vn -0.916349 0.000000 0.400311
vn -0.916349 0.332835 0.222388
vn -0.897397 0.366864 0.245129
vn -0.916349 0.369823 -0.153172
vn -0.897399 0.407635 -0.168848
vn -0.916349 0.000000 -0.400311
vn -0.897398 -0.407636 -0.168849
vn -0.897397 0.000000 0.441224
vn -0.949644 0.221503 -0.221503
vn -0.949644 0.260475 -0.174047
vn -0.949644 -0.119877 -0.289407
vn -0.949644 -0.061098 -0.307260
vn -0.949644 -0.307260 -0.061098
vn -0.949644 -0.289407 -0.119877
vn -0.949644 -0.221503 0.221503
vn -0.949644 -0.260475 0.174047
vn -0.949644 0.061098 0.307260
vn -0.949644 0.000000 0.313273
vn -0.949644 0.289407 0.119877
vn -0.949644 0.260475 0.174047
vn -0.949644 0.289407 -0.119877
vn -0.949644 0.000000 -0.313273
vn -0.949644 0.061098 -0.307230
vn -0.949644 -0.260475 -0.174047
vn -0.949644 -0.289407 0.119877
vn -0.949644 -0.061098 0.307230
vn -0.949644 0.221503 0.221503
vn -0.949644 0.307260 -0.061098
vn -0.949644 0.119877 -0.289407
vn -0.949644 -0.221503 -0.221503
vn -0.949644 -0.307260 0.061098
vn -0.949644 -0.119877 0.289407
vn -0.949644 0.174047 0.260475
vn -0.949644 0.313273 0.000000
vn -0.949644 0.174047 -0.260475
vn -0.949644 -0.174047 -0.260475
vn -0.949644 -0.313273 0.000000
vn -0.949644 -0.174047 0.260475
vn -0.949644 0.119877 0.289407
vn -0.949644 0.307260 0.061098
vn -0.963606 0.262191 -0.052156
vn -0.963606 0.267328 -0.000001
vn -0.963605 0.102301 -0.246981
vn -0.963606 0.148518 -0.222276
vn -0.963605 -0.189034 -0.189027
vn -0.963605 -0.148520 -0.222277
vn -0.963605 -0.262193 0.052152
vn -0.963605 -0.267329 0.000001
vn -0.963606 -0.102298 0.246980
vn -0.963606 -0.148519 0.222275
vn -0.963606 0.148517 0.222276
vn -0.963606 0.102300 0.246979
vn -0.963606 0.262192 0.052154
vn -0.963605 0.189033 -0.189027
vn -0.963605 -0.102304 -0.246980
vn -0.963605 -0.262192 -0.052155
vn -0.963606 -0.189031 0.189026
vn -0.963606 0.052154 0.262191
vn -0.963606 0.246976 0.102305
vn -0.963605 0.222274 -0.148521
vn -0.963605 -0.052158 -0.262192
vn -0.963605 -0.246978 -0.102306
vn -0.963606 -0.222270 0.148523
vn -0.963606 -0.000002 0.267328
vn -0.963606 0.222274 0.148519
vn -0.963606 0.246978 -0.102304
vn -0.963606 0.000001 -0.267327
vn -0.963606 0.052157 -0.262190
vn -0.963606 -0.222275 -0.148520
vn -0.963606 -0.246976 0.102304
vn -0.963606 -0.052154 0.262191
vn -0.963606 0.189032 0.189027
vn -1.000000 0.000002 -0.000001
vn -1.000000 -0.000001 0.000002
vn -1.000000 0.000001 0.000001
vn -1.000000 0.000000 0.000001
vn -0.000000 -0.980785 -0.195092
vn -0.000000 -0.382683 -0.923880
vn -0.000000 -0.555570 -0.831470
vn 0.000000 0.555571 0.831469
vn -0.000000 -0.831468 -0.555572
vn 0.000000 0.195091 -0.980785
vn 0.000000 0.923879 0.382684
vn 1.000000 0.000019 -0.000053
vn 1.000000 -0.000077 0.000091
vn 1.000000 -0.000007 0.000002
vn 1.000000 -0.000012 0.000000
vn 1.000000 0.000000 0.000003
vn 1.000000 0.000000 -0.000004
vn 1.000000 -0.000025 -0.000004
vn 1.000000 0.000000 0.000030
vn 1.000000 0.000000 0.000026
vn 1.000000 0.000013 -0.000023
vn 1.000000 0.000154 -0.000033
vn 1.000000 0.000003 -0.000000
vn 1.000000 -0.000020 0.000014
vn 1.000000 0.000023 0.000003
vn 1.000000 -0.000008 -0.000001
vn 1.000000 -0.000077 -0.000046
vn 1.000000 0.000039 0.000033
vn 1.000000 -0.000001 0.000002
vn 1.000000 0.000000 0.000027
vn 1.000000 0.000048 0.000076
vn 1.000000 -0.000031 -0.000000
vn -1.000000 -0.000001 -0.000009
vn -1.000000 0.000000 -0.000006
vn -1.000000 0.000005 0.000000
vn -1.000000 -0.000005 -0.000000
vn -1.000000 -0.000004 0.000000
vn -1.000000 0.000004 -0.000001
vn -1.000000 -0.000004 0.000002
vn -1.000000 0.000001 -0.000003
vn -1.000000 -0.000001 -0.000003
vn -1.000000 0.000002 0.000003
vn -1.000000 0.000000 -0.000002
vn -1.000000 -0.000004 -0.000006
vn -1.000000 0.000000 0.000003
vn -0.000000 0.707106 -0.707107
vn 0.000000 -0.923879 -0.382685
vn -0.000006 0.195090 0.980785
vn 1.000000 -0.000004 0.000000
vn 1.000000 -0.000008 0.000001
vn 1.000000 0.000000 -0.000002
vn 1.000000 -0.000001 -0.000003
vn 1.000000 0.000008 0.000000
vn 1.000000 0.000001 -0.000003
vn 1.000000 0.000000 -0.000003
vn -1.000000 -0.000001 0.000001
vn -1.000000 -0.000003 0.000001
vn 0.000003 0.195090 0.980785
vn 0.000000 -0.195088 -0.980786
vn 0.000001 -0.831469 -0.555571
vn 0.000001 0.382685 -0.923879
vn -0.000001 -0.555569 0.831470
vn -0.897397 0.168850 -0.407638
vn -0.897398 -0.432743 0.086078
vn -0.897398 -0.086078 0.432745
vn -0.897398 0.245130 0.366862
vn -0.897397 0.441224 0.000000
vn -0.897397 -0.168848 -0.407638
vn -0.897397 -0.311993 0.311991
vn -0.897399 0.000001 -0.441220
vn -1.000000 0.000019 -0.000053
vn -1.000000 0.000000 0.000027
vn -1.000000 -0.000009 -0.000001
vn -1.000000 -0.000077 -0.000046
vn -1.000000 0.000004 -0.000000
vn -1.000000 0.000025 0.000001
vn -1.000000 0.000002 0.000001
vn -1.000000 0.000003 -0.000000
vn -1.000000 -0.000002 0.000001
vn -1.000000 -0.000021 0.000014
vn -1.000000 0.000000 0.000026
vn -1.000000 0.000039 0.000076
vn -1.000000 -0.000005 -0.000007
vn -1.000000 0.000001 0.000006
vn -1.000000 0.000039 0.000030
vn -1.000000 0.000049 -0.000003
vn -1.000000 0.000000 -0.000003
vn -1.000000 -0.000039 0.000003
vn -1.000000 0.000023 -0.000012
vn -1.000000 -0.000005 -0.000003
vn -1.000000 -0.000077 0.000091
vn -1.000000 -0.000005 -0.000014
vn -1.000000 0.000116 -0.000033
usemtl Wheels.002
s 1
f 17//1 16//2 15//3
f 52//4 51//5 19//6
f 46//7 14//8 15//9
f 41//10 9//11 10//12
f 37//13 36//14 4//15
f 62//16 30//17 31//18
f 57//19 25//20 26//21
f 53//22 52//4 20//23
f 47//24 15//9 16//25
f 43//26 42//27 10//12
f 37//13 5//28 6//29
f 33//30 64//31 32//32
f 63//33 31//18 32//32
f 58//34 26//21 27//35
f 53//22 21//36 22//37
f 49//38 48//39 16//25
f 43//26 11//40 12//41
f 39//42 38//43 6//29
f 33//30 1//44 2//45
f 59//46 27//35 28//47
f 55//48 54//49 22//37
f 50//50 49//38 17//51
f 44//52 12//41 13//53
f 40//54 39//42 7//55
f 34//56 2//45 3//57
f 60//58 28//47 29//59
f 55//48 23//60 24//61
f 50//50 18//62 19//6
f 46//7 45//63 13//53
f 40//54 8//64 9//11
f 36//14 35//65 3//57
f 61//66 29//59 30//17
f 57//19 56//67 24//61
f 87//68 86//69 54//49
f 82//70 81//71 49//38
f 76//72 44//52 45//63
f 72//73 71//74 39//42
f 67//75 66//76 34//56
f 92//77 60//58 61//66
f 87//68 55//48 56//67
f 82//70 50//50 51//5
f 78//78 77//79 45//63
f 72//73 40//54 41//10
f 68//80 67//75 35//65
f 93//81 61//66 62//16
f 89//82 88//83 56//67
f 84//84 83//85 51//5
f 78//78 46//7 47//24
f 73//86 41//10 42//27
f 69//87 68//80 36//14
f 95//88 94//89 62//16
f 89//82 57//19 58//34
f 85//90 84//84 52//4
f 79//91 47//24 48//39
f 74//92 42//27 43//26
f 70//93 69//87 37//13
f 65//94 96//95 64//31
f 95//88 63//33 64//31
f 90//96 58//34 59//46
f 85//90 53//22 54//49
f 81//71 80//97 48//39
f 75//98 43//26 44//52
f 71//74 70//93 38//43
f 65//94 33//30 34//56
f 91//99 59//46 60//58
f 121//100 89//82 90//96
f 116//101 84//84 85//90
f 112//102 111//103 79//91
f 106//104 74//92 75//98
f 102//105 101//106 69//87
f 97//107 128//108 96//95
f 127//109 95//88 96//95
f 122//110 90//96 91//99
f 117//111 85//90 86//69
f 112//102 80//97 81//71
f 107//112 75//98 76//72
f 103//113 102//105 70//93
f 97//107 65//94 66//76
f 123//114 91//99 92//77
f 118//115 86//69 87//68
f 114//116 113//117 81//71
f 108//118 76//72 77//79
f 104//119 103//113 71//74
f 99//120 98//121 66//76
f 124//122 92//77 93//81
f 120//123 119//124 87//68
f 114//116 82//70 83//85
f 110//125 109//126 77//79
f 104//119 72//73 73//86
f 100//127 99//120 67//75
f 125//128 93//81 94//89
f 121//100 120//123 88//83
f 115//129 83//85 84//84
f 110//125 78//78 79//91
f 106//104 105//130 73//86
f 101//106 100//127 68//80
f 127//109 126//131 94//89
f 156//132 124//133 125//134
f 151//135 119//135 120//136
f 146//137 114//137 115//138
f 141//139 109//139 110//140
f 136//141 104//141 105//142
f 131//143 99//144 100//145
f 158//146 157//147 125//134
f 153//148 152//149 120//136
f 147//138 115//138 116//150
f 143//151 142//152 110//140
f 137//142 105//142 106//153
f 132//154 100//145 101//155
f 159//156 158//146 126//157
f 154//158 153//148 121//148
f 149//159 148//160 116//150
f 143//151 111//161 112//162
f 138//163 106//153 107//164
f 134//165 133//166 101//155
f 160//167 128//168 97//169
f 159//156 127//170 128//168
f 155//171 154//158 122//158
f 149//159 117//172 118//173
f 145//174 144//162 112//162
f 139//175 107//164 108//176
f 134//165 102//177 103//178
f 130//179 129//180 97//169
f 155//171 123//181 124//133
f 151//135 150//182 118//173
f 145//174 113//183 114//137
f 140//184 108//176 109//139
f 135//185 103//178 104//141
f 130//179 98//179 99//144
f 161//186 192//187 160//186
f 192//187 191//187 159//187
f 186//3 154//188 155//189
f 182//188 181//189 149//189
f 177//189 176//189 144//189
f 172//190 171//191 139//189
f 166//186 134//189 135//187
f 161//186 129//186 130//189
f 188//188 187//192 155//189
f 183//193 182//188 150//194
f 177//189 145//3 146//3
f 173//188 172//190 140//190
f 168//186 167//195 135//187
f 162//191 130//189 131//193
f 189//190 188//188 156//196
f 184//197 183//193 151//198
f 178//186 146//3 147//199
f 174//186 173//188 141//3
f 168//186 136//3 137//3
f 163//200 131//193 132//197
f 189//190 157//190 158//3
f 185//3 184//197 152//3
f 179//201 147//199 148//197
f 174//186 142//3 143//186
f 169//3 137//3 138//202
f 165//3 164//189 132//197
f 191//187 190//3 158//3
f 185//3 153//3 154//188
f 180//3 148//197 149//189
f 175//187 143//186 144//189
f 170//203 138//202 139//189
f 165//3 133//189 134//189
f 196//204 195//205 163//206
f 221//207 189//207 190//208
f 216//209 184//210 185//211
f 211//212 179//213 180//214
f 207//215 206//216 174//216
f 202//217 201//218 169//219
f 197//220 196//204 164//221
f 223//222 222//208 190//208
f 217//211 185//211 186//223
f 212//224 180//214 181//225
f 207//215 175//226 176//227
f 203//228 202//217 170//217
f 198//229 197//220 165//230
f 193//231 224//232 192//233
f 224//232 223//222 191//222
f 218//234 186//223 187//235
f 213//236 181//225 182//237
f 209//238 208//239 176//227
f 204//240 203//228 171//241
f 199//242 198//229 166//243
f 193//231 161//231 162//244
f 219//245 187//235 188//246
f 214//247 182//237 183//248
f 209//238 177//249 178//250
f 205//251 204//240 172//240
f 200//252 199//242 167//253
f 195//205 194//254 162//244
f 220//246 188//246 189//207
f 215//255 183//248 184//210
f 210//256 178//250 179//213
f 206//216 205//251 173//251
f 201//218 200//252 168//257
f 230//258 198//258 199//259
f 225//260 193//260 194//261
f 252//262 251//263 219//264
f 247//265 246//266 214//267
f 242//268 241//269 209//270
f 236//271 204//272 205//273
f 231//274 199//259 200//275
f 226//261 194//261 195//276
f 253//277 252//262 220//278
f 248//279 247//265 215//280
f 243//281 242//268 210//268
f 237//273 205//273 206//282
f 232//283 200//275 201//284
f 227//285 195//276 196//286
f 254//287 253//277 221//288
f 249//289 248//279 216//290
f 244//291 243//281 211//292
f 238//282 206//282 207//293
f 233//294 201//284 202//295
f 228//296 196//286 197//297
f 255//298 254//287 222//299
f 250//300 249//289 217//301
f 245//302 244//291 212//291
f 239//293 207//293 208//303
f 234//304 202//295 203//305
f 229//297 197//297 198//258
f 225//260 256//306 224//306
f 255//298 223//298 224//306
f 251//263 250//300 218//307
f 246//266 245//302 213//302
f 240//303 208//303 209//270
f 235//305 203//305 204//272
f 335//3 239//186 240//3
f 331//3 330//187 234//187
f 325//186 229//201 230//186
f 321//3 352//3 256//3
f 352//3 351//3 255//3
f 347//3 346//3 250//3
f 341//3 245//3 246//3
f 337//3 336//3 240//3
f 331//3 235//190 236//189
f 327//3 326//3 230//186
f 321//3 225//3 226//3
f 347//3 251//188 252//3
f 342//3 246//3 247//3
f 337//3 241//3 242//3
f 332//189 236//189 237//3
f 328//186 327//3 231//186
f 322//3 226//3 227//189
f 349//186 348//192 252//3
f 344//186 343//3 247//3
f 339//189 338//189 242//3
f 334//3 333//3 237//3
f 328//186 232//195 233//186
f 323//203 227//189 228//3
f 349//186 253//308 254//3
f 344//186 248//3 249//3
f 339//189 243//3 244//3
f 334//3 238//3 239//186
f 330//187 329//189 233//186
f 325//186 324//186 228//3
f 350//3 254//3 255//3
f 346//3 345//186 249//3
f 340//3 244//3 245//3
f 260//309 261//310 269//309
f 300//311 301//312 269//312
f 295//313 296//314 264//315
f 291//316 259//317 258//318
f 317//319 285//320 284//321
f 312//322 280//322 279//323
f 307//324 275//325 274//326
f 301//312 302//157 270//327
f 297//328 265//329 264//315
f 292//330 260//331 259//317
f 318//332 286//333 285//320
f 313//334 281//334 280//322
f 308//335 276//336 275//325
f 302//157 303//337 271//338
f 298//339 266//339 265//329
f 292//330 293//340 261//340
f 319//341 287//341 286//333
f 314//153 282//153 281//334
f 309//342 277//343 276//336
f 303//337 304//167 272//167
f 299//344 267//345 266//339
f 294//346 262//347 261//340
f 289//348 257//349 288//350
f 320//351 288//350 287//341
f 315//352 283//352 282//153
f 309//342 310//353 278//353
f 304//167 305//354 273//355
f 300//311 268//133 267//345
f 294//346 295//313 263//356
f 290//357 258//318 257//349
f 316//358 284//321 283//352
f 311//323 279//323 278//353
f 306//359 274//326 273//355
f 434//360 435//311 403//361
f 429//362 430//363 398//364
f 392//185 424//185 425//365
f 419//176 420//164 388//164
f 445//357 446//366 414//367
f 408//368 440//368 441//182
f 435//311 436//369 404//369
f 398//364 430//363 431//370
f 393//371 425//365 426//372
f 420//164 421//373 389//153
f 415//374 416//375 384//151
f 414//367 446//366 415//374
f 441//182 442//376 410//377
f 436//369 437//378 405//378
f 431//370 432//379 400//379
f 394//380 426//372 427//381
f 421//373 422//382 390//382
f 416//375 417//332 385//140
f 442//376 443//383 411//384
f 437//378 438//385 406//386
f 432//379 433//387 401//388
f 395//381 427//381 428//389
f 422//382 423//322 391//322
f 417//332 418//390 386//391
f 443//383 444//392 412//392
f 438//385 439//149 407//136
f 401//388 433//387 434//360
f 428//389 429//362 397//362
f 423//322 424//185 392//185
f 386//391 418//390 419//176
f 412//392 444//392 445//357
f 439//149 440//368 408//368
f 467//3 466//3 402//186
f 462//3 461//3 397//3
f 457//3 456//3 392//3
f 388//3 452//3 451//3
f 414//3 478//189 477//3
f 473//189 472//3 408//3
f 404//3 468//3 467//3
f 399//3 463//3 462//3
f 458//3 457//3 393//3
f 453//3 452//3 388//3
f 448//3 447//3 383//3
f 447//3 478//189 414//3
f 410//189 474//3 473//189
f 405//3 469//189 468//3
f 464//3 463//3 399//3
f 459//3 458//3 394//3
f 390//3 454//3 453//3
f 385//3 449//197 448//3
f 475//3 474//3 410//189
f 470//3 469//189 405//3
f 401//3 465//189 464//3
f 396//189 460//189 459//3
f 391//3 455//3 454//3
f 450//3 449//197 385//3
f 476//3 475//3 411//3
f 407//3 471//3 470//3
f 466//3 465//189 401//3
f 397//3 461//3 460//189
f 456//3 455//3 391//3
f 387//3 451//3 450//3
f 413//186 477//3 476//3
f 472//3 471//3 407//3
f 494//393 493//394 461//394
f 457//395 489//395 488//185
f 484//396 483//397 451//398
f 510//399 509//400 477//401
f 473//402 505//403 504//404
f 468//405 500//406 499//407
f 463//408 495//409 494//393
f 458//410 490//380 489//395
f 485//411 484//396 452//352
f 480//161 479//351 447//351
f 479//351 510//399 478//412
f 474//413 506//414 505//403
f 501//415 500//406 468//405
f 464//416 496//416 495//409
f 491//417 490//380 458//410
f 486//382 485//411 453//153
f 481//418 480//161 448//161
f 475//419 507//420 506//414
f 502//421 501//415 469//422
f 465//423 497//423 496//416
f 492//424 491//417 459//417
f 487//141 486//382 454//289
f 482//425 481//418 449//426
f 508//427 507//420 475//419
f 503//428 502//421 470//429
f 466//430 498//430 497//423
f 493//394 492//424 460//424
f 488//185 487//141 455//322
f 483//397 482//425 450//431
f 509//400 508//427 476//432
f 472//433 504//404 503//428
f 467//434 499//407 498//430
f 480//3 500//3 508//3
f 522//309 523//310 427//309
f 421//309 517//309 518//435
f 512//309 513//310 417//309
f 442//309 538//309 539//309
f 437//309 533//309 534//309
f 432//309 528//309 529//436
f 523//310 524//437 428//310
f 518//435 519//438 423//435
f 513//310 514//435 418//309
f 539//309 540//310 444//309
f 534//309 535//309 439//435
f 433//436 529//436 530//435
f 428//310 524//437 525//309
f 519//438 520//438 424//438
f 418//309 514//435 515//310
f 540//310 541//309 445//310
f 439//435 535//309 536//309
f 434//310 530//435 531//310
f 525//309 526//309 430//309
f 520//438 521//435 425//435
f 515//310 516//439 420//310
f 541//309 542//438 446//309
f 440//435 536//309 537//309
f 531//310 532//440 436//309
f 430//309 526//309 527//309
f 521//435 522//309 426//309
f 420//310 516//439 517//309
f 415//309 511//309 512//309
f 446//309 542//438 511//309
f 537//309 538//309 442//309
f 532//440 533//309 437//309
f 527//309 528//309 432//309
f 563//441 564//442 532//443
f 558//355 559//444 527//445
f 521//446 553//447 554//448
f 516//449 548//450 549//451
f 543//452 544//453 512//454
f 574//455 543//452 511//452
f 569//456 570//457 538//458
f 564//442 565//459 533//295
f 559//444 560//460 528//461
f 522//462 554//448 555//463
f 517//451 549//451 550//464
f 512//454 544//453 545//465
f 570//457 571//466 539//467
f 565//459 566//468 534//469
f 560//460 561//470 529//471
f 523//472 555//463 556//473
f 518//334 550//464 551//474
f 513//475 545//465 546//476
f 571//466 572//477 540//478
f 566//468 567//479 535//480
f 561//470 562//481 530//482
f 524//473 556//473 557//483
f 519//484 551//474 552//485
f 514//486 546//476 547//487
f 572//477 573//488 541//489
f 567//479 568//490 536//491
f 562//481 563//441 531//492
f 525//493 557//483 558//355
f 520//494 552//485 553//447
f 515//495 547//487 548//450
f 573//488 574//455 542//496
f 568//490 569//456 537//497
f 566//498 598//499 599//500
f 561//501 593//501 594//502
f 588//503 589//504 557//505
f 583//506 584//507 552//508
f 578//509 579//510 547//511
f 572//512 604//513 605//514
f 567//515 599//500 600//516
f 562//502 594//502 595//517
f 589//504 590//518 558//519
f 584//507 585//520 553//521
f 579//510 580//522 548//523
f 573//514 605//514 606//524
f 568//525 600//516 601//526
f 563//517 595//517 596//527
f 558//519 590//518 591//528
f 585//520 586//529 554//530
f 580//522 581//531 549//532
f 543//533 575//533 576//534
f 574//535 606//524 575//533
f 569//536 601//526 602//537
f 564//527 596//527 597//538
f 591//528 592//539 560//540
f 586//529 587//541 555//542
f 581//531 582//543 550//543
f 544//544 576//534 577//545
f 570//546 602//537 603//547
f 565//548 597//538 598//499
f 560//540 592//539 593//501
f 587//541 588//503 556//503
f 582//543 583//506 551//506
f 577//545 578//509 546//549
f 571//550 603//547 604//513
f 633//435 634//310 602//310
f 628//437 629//440 597//309
f 623//435 624//309 592//309
f 618//310 619//437 587//437
f 613//436 614//309 582//309
f 576//309 608//309 609//435
f 602//310 634//310 635//309
f 629//440 630//309 598//309
f 592//309 624//309 625//310
f 619//437 620//310 588//437
f 582//309 614//309 615//310
f 609//435 610//435 578//435
f 635//309 636//310 604//310
f 630//309 631//309 599//309
f 593//310 625//310 626//309
f 620//310 621//309 589//310
f 583//310 615//310 616//310
f 578//435 610//435 611//309
f 604//310 636//310 637//309
f 599//309 631//309 632//309
f 594//309 626//309 627//309
f 621//309 622//309 590//435
f 584//437 616//310 617//309
f 579//309 611//309 612//437
f 637//309 638//309 606//310
f 632//309 633//435 601//435
f 595//310 627//309 628//437
f 590//435 622//309 623//435
f 585//309 617//309 618//310
f 612//437 613//436 581//310
f 575//310 607//310 608//309
f 606//310 638//309 607//310
f 668//551 669//552 637//552
f 663//141 664//553 632//554
f 658//555 659//176 627//176
f 621//556 653//556 654//557
f 616//135 648//135 649//173
f 611//272 643//272 644//181
f 669//552 670//558 638//559
f 664//553 665//560 633//560
f 659//176 660//164 628//164
f 654//557 655//561 623//561
f 617//182 649//173 650//159
f 612//562 644//181 645//158
f 607//563 639//563 640//564
f 638//559 670//558 639//563
f 633//560 665//560 666//565
f 660//164 661//153 629//153
f 655//561 656//161 624//341
f 650//159 651//566 619//566
f 613//459 645//158 646//567
f 608//564 640//564 641//568
f 666//565 667//569 635//569
f 661//153 662//382 630//142
f 624//341 656//161 657//333
f 619//566 651//566 652//570
f 614//148 646//567 647//136
f 609//571 641//568 642//572
f 667//569 668//551 636//573
f 662//382 663//141 631//141
f 657//333 658//555 626//555
f 620//574 652//570 653//556
f 615//136 647//136 648//135
f 642//572 643//272 611//272
f 640//575 672//576 673//577
f 666//578 698//579 699//580
f 661//581 693//582 694//583
f 688//584 689//585 657//586
f 651//587 683//588 684//589
f 646//590 678//591 679//592
f 673//577 674//593 642//594
f 667//595 699//580 700//596
f 694//583 695//597 663//598
f 657//586 689//585 690//599
f 684//589 685//600 653//601
f 679//592 680//602 648//603
f 674//593 675//604 643//605
f 668//606 700//596 701//607
f 663//598 695//597 696//608
f 658//609 690//599 691//610
f 653//601 685//600 686//611
f 680//602 681//612 649//613
f 675//604 676//614 644//615
f 701//607 702//616 670//617
f 664//618 696//608 697//619
f 691//610 692//620 660//621
f 654//622 686//611 687//623
f 681//612 682//624 650//625
f 676//614 677//626 645//627
f 671//628 672//576 640//575
f 670//617 702//616 671//628
f 665//629 697//619 698//579
f 692//620 693//582 661//581
f 655//630 687//623 688//584
f 682//624 683//588 651//587
f 677//626 678//591 646//590
f 707//631 708//632 676//614
f 733//633 734//634 702//616
f 696//608 728//635 729//636
f 723//637 724//638 692//620
f 686//611 718//639 719//640
f 713//641 714//642 682//624
f 708//632 709//643 677//626
f 703//644 704//645 672//576
f 702//616 734//634 703//644
f 697//619 729//636 730//646
f 724//638 725//647 693//582
f 719//640 720//648 688//584
f 682//624 714//642 715//649
f 709//643 710//650 678//591
f 704//645 705//651 673//577
f 698//579 730//646 731//652
f 725//647 726//653 694//583
f 720//648 721//654 689//585
f 683//588 715//649 716//655
f 678//591 710//650 711//656
f 705//651 706//657 674//593
f 699//580 731//652 732//658
f 726//653 727//659 695//597
f 689//585 721//654 722//660
f 716//655 717//661 685//600
f 711//656 712//662 680//602
f 706//657 707//631 675//604
f 700//596 732//658 733//633
f 695//597 727//659 728//635
f 722//660 723//637 691//610
f 685//600 717//661 718//639
f 680//602 712//662 713//641
f 742//663 743//664 711//656
f 737//665 738//666 706//657
f 731//652 763//667 764//668
f 758//669 759//670 727//659
f 721//654 753//671 754//672
f 748//673 749//674 717//661
f 711//656 743//664 744//675
f 738//666 739//676 707//631
f 732//658 764//668 765//677
f 727//659 759//670 760//678
f 754//672 755//679 723//637
f 717//661 749//674 750//680
f 712//662 744//675 745//681
f 739//676 740//682 708//632
f 765//677 766//683 734//634
f 728//635 760//678 761//684
f 755//679 756//685 724//638
f 750//680 751//686 719//640
f 745//681 746//687 714//642
f 740//682 741//688 709//643
f 735//689 736//690 704//645
f 734//634 766//683 735//689
f 761//684 762//691 730//646
f 724//638 756//685 757//692
f 751//686 752//693 720//648
f 714//642 746//687 747//694
f 741//688 742//663 710//650
f 736//690 737//665 705//651
f 730//646 762//691 763//667
f 757//692 758//669 726//653
f 752//693 753//671 721//654
f 715//649 747//694 748//673
f 737//695 748//696 744//695
f 360//309 296//309 295//309
f 354//697 355//309 291//309
f 381//309 317//309 316//309
f 376//309 312//309 311//309
f 370//309 371//309 307//309
f 366//309 302//310 301//435
f 360//309 361//309 297//309
f 356//310 292//310 291//309
f 382//309 318//698 317//309
f 376//309 377//309 313//309
f 371//309 372//309 308//309
f 366//309 367//309 303//309
f 362//310 298//310 297//309
f 357//309 293//309 292//310
f 382//309 767//309 319//309
f 377//309 378//309 314//309
f 373//309 309//309 308//309
f 368//309 304//309 303//309
f 362//310 363//309 299//309
f 357//309 358//309 294//309
f 353//309 289//310 320//309
f 768//309 320//309 319//309
f 379//309 315//309 314//309
f 374//309 310//309 309//309
f 368//309 369//309 305//309
f 363//309 364//435 300//435
f 359//309 295//309 294//309
f 353//309 354//697 290//697
f 379//309 380//309 316//309
f 375//309 311//309 310//309
f 370//309 306//309 305//309
f 365//435 301//435 300//435
f 359//135 327//699 328//136
f 354//700 322//700 323//701
f 380//176 348//176 349//391
f 376//322 375//185 343//323
f 371//702 370//362 338//362
f 365//360 333//360 334//387
f 360//149 328//136 329//386
f 355//701 323//701 324//383
f 382//418 381//391 349//391
f 376//322 344//322 345//382
f 372//381 371//702 339//389
f 366//388 334//387 335//379
f 361//386 329//386 330//295
f 357//703 356//384 324//383
f 382//418 350//332 351//704
f 377//382 345//382 346//373
f 373//410 372//381 340//381
f 367//379 335//379 336//370
f 362//378 330//295 331//369
f 357//703 325//377 326//182
f 768//350 352//374 321//367
f 767//161 351//704 352//374
f 379//175 378//373 346//373
f 373//410 341//380 342//371
f 368//370 336//370 337//364
f 363//369 331//369 332//311
f 358//182 326//182 327//699
f 354//700 353//367 321//367
f 379//175 347//175 348//176
f 374//705 342//371 343//323
f 369//364 337//364 338//362
f 365//360 364//361 332//311
f 32//199 31//706 30//3
f 30//3 29//707 28//708
f 24//188 23//193 26//709
f 26//709 25//710 24//188
f 22//711 20//712 23//193
f 22//711 21//713 20//712
f 15//3 14//714 13//715
f 20//23 52//4 19//6
f 15//3 12//186 4//189
f 12//186 15//3 13//715
f 10//716 9//717 11//718
f 19//196 28//708 23//193
f 6//719 4//189 7//720
f 6//719 5//721 4//189
f 4//189 3//722 2//723
f 2//723 1//724 32//199
f 28//708 19//196 30//3
f 47//24 46//7 15//9
f 30//3 19//196 17//1
f 20//712 19//196 23//193
f 19//196 18//725 17//1
f 8//197 7//720 9//717
f 7//720 4//189 9//717
f 32//199 15//3 2//723
f 28//708 27//726 23//193
f 9//717 12//186 11//718
f 12//186 9//717 4//189
f 32//199 17//1 15//3
f 30//3 17//1 32//199
f 15//3 4//189 2//723
f 23//193 27//726 26//709
f 42//27 41//10 10//12
f 5//28 37//13 4//15
f 63//33 62//16 31//18
f 58//34 57//19 26//21
f 21//36 53//22 20//23
f 48//39 47//24 16//25
f 11//40 43//26 10//12
f 38//43 37//13 6//29
f 1//44 33//30 32//32
f 64//31 63//33 32//32
f 59//46 58//34 27//35
f 54//49 53//22 22//37
f 17//51 49//38 16//25
f 44//52 43//26 12//41
f 7//55 39//42 6//29
f 34//56 33//30 2//45
f 60//58 59//46 28//47
f 23//60 55//48 22//37
f 18//62 50//50 17//51
f 45//63 44//52 13//53
f 8//64 40//54 7//55
f 35//65 34//56 3//57
f 61//66 60//58 29//59
f 56//67 55//48 24//61
f 51//5 50//50 19//6
f 14//8 46//7 13//53
f 41//10 40//54 9//11
f 4//15 36//14 3//57
f 62//16 61//66 30//17
f 25//20 57//19 24//61
f 55//48 87//68 54//49
f 50//50 82//70 49//38
f 77//79 76//72 45//63
f 40//54 72//73 39//42
f 35//65 67//75 34//56
f 93//81 92//77 61//66
f 88//83 87//68 56//67
f 83//85 82//70 51//5
f 46//7 78//78 45//63
f 73//86 72//73 41//10
f 36//14 68//80 35//65
f 94//89 93//81 62//16
f 57//19 89//82 56//67
f 52//4 84//84 51//5
f 79//91 78//78 47//24
f 74//92 73//86 42//27
f 37//13 69//87 36//14
f 63//33 95//88 62//16
f 90//96 89//82 58//34
f 53//22 85//90 52//4
f 80//97 79//91 48//39
f 75//98 74//92 43//26
f 38//43 70//93 37//13
f 33//30 65//94 64//31
f 96//95 95//88 64//31
f 91//99 90//96 59//46
f 86//69 85//90 54//49
f 49//38 81//71 48//39
f 76//72 75//98 44//52
f 39//42 71//74 38//43
f 66//76 65//94 34//56
f 92//77 91//99 60//58
f 122//110 121//100 90//96
f 117//111 116//101 85//90
f 80//97 112//102 79//91
f 107//112 106//104 75//98
f 70//93 102//105 69//87
f 65//94 97//107 96//95
f 128//108 127//109 96//95
f 123//114 122//110 91//99
f 118//115 117//111 86//69
f 113//117 112//102 81//71
f 108//118 107//112 76//72
f 71//74 103//113 70//93
f 98//121 97//107 66//76
f 124//122 123//114 92//77
f 119//124 118//115 87//68
f 82//70 114//116 81//71
f 109//126 108//118 77//79
f 72//73 104//119 71//74
f 67//75 99//120 66//76
f 125//128 124//122 93//81
f 88//83 120//123 87//68
f 115//129 114//116 83//85
f 78//78 110//125 77//79
f 105//130 104//119 73//86
f 68//80 100//127 67//75
f 126//131 125//128 94//89
f 89//82 121//100 88//83
f 116//101 115//129 84//84
f 111//103 110//125 79//91
f 74//92 106//104 73//86
f 69//87 101//106 68//80
f 95//88 127//109 94//89
f 157//147 156//132 125//134
f 152//149 151//135 120//136
f 147//138 146//137 115//138
f 142//152 141//139 110//140
f 137//142 136//141 105//142
f 132//154 131//143 100//145
f 126//157 158//146 125//134
f 121//148 153//148 120//136
f 148//160 147//138 116//150
f 111//161 143//151 110//140
f 138//163 137//142 106//153
f 133//166 132//154 101//155
f 127//170 159//156 126//157
f 122//158 154//158 121//148
f 117//172 149//159 116//150
f 144//162 143//151 112//162
f 139//175 138//163 107//164
f 102//177 134//165 101//155
f 129//180 160//167 97//169
f 160//167 159//156 128//168
f 123//181 155//171 122//158
f 150//182 149//159 118//173
f 113//183 145//174 112//162
f 140//184 139//175 108//176
f 135//185 134//165 103//178
f 98//179 130//179 97//169
f 156//132 155//171 124//133
f 119//135 151//135 118//173
f 146//137 145//174 114//137
f 141//139 140//184 109//139
f 136//141 135//185 104//141
f 131//143 130//179 99//144
f 129//186 161//186 160//186
f 160//186 192//187 159//187
f 187//192 186//3 155//189
f 150//194 182//188 149//189
f 145//3 177//189 144//189
f 140//190 172//190 139//189
f 167//195 166//186 135//187
f 162//191 161//186 130//189
f 156//196 188//188 155//189
f 151//198 183//193 150//194
f 178//186 177//189 146//3
f 141//3 173//188 140//190
f 136//3 168//186 135//187
f 163//200 162//191 131//193
f 157//190 189//190 156//196
f 152//3 184//197 151//198
f 179//201 178//186 147//199
f 142//3 174//186 141//3
f 169//3 168//186 137//3
f 164//189 163//200 132//197
f 190//3 189//190 158//3
f 153//3 185//3 152//3
f 180//3 179//201 148//197
f 175//187 174//186 143//186
f 170//203 169//3 138//202
f 133//189 165//3 132//197
f 159//187 191//187 158//3
f 186//3 185//3 154//188
f 181//189 180//3 149//189
f 176//189 175//187 144//189
f 171//191 170//203 139//189
f 166//186 165//3 134//189
f 164//221 196//204 163//206
f 222//208 221//207 190//208
f 217//211 216//209 185//211
f 212//224 211//212 180//214
f 175//226 207//215 174//216
f 170//217 202//217 169//219
f 165//230 197//220 164//221
f 191//222 223//222 190//208
f 218//234 217//211 186//223
f 213//236 212//224 181//225
f 208//239 207//215 176//227
f 171//241 203//228 170//217
f 166//243 198//229 165//230
f 161//231 193//231 192//233
f 192//233 224//232 191//222
f 219//245 218//234 187//235
f 214//247 213//236 182//237
f 177//249 209//238 176//227
f 172//240 204//240 171//241
f 167//253 199//242 166//243
f 194//254 193//231 162//244
f 220//246 219//245 188//246
f 215//255 214//247 183//248
f 210//256 209//238 178//250
f 173//251 205//251 172//240
f 168//257 200//252 167//253
f 163//206 195//205 162//244
f 221//207 220//246 189//207
f 216//209 215//255 184//210
f 211//212 210//256 179//213
f 174//216 206//216 173//251
f 169//219 201//218 168//257
f 231//274 230//258 199//259
f 226//261 225//260 194//261
f 220//278 252//262 219//264
f 215//280 247//265 214//267
f 210//268 242//268 209//270
f 237//273 236//271 205//273
f 232//283 231//274 200//275
f 227//285 226//261 195//276
f 221//288 253//277 220//278
f 216//290 248//279 215//280
f 211//292 243//281 210//268
f 238//282 237//273 206//282
f 233//294 232//283 201//284
f 228//296 227//285 196//286
f 222//299 254//287 221//288
f 217//301 249//289 216//290
f 212//291 244//291 211//292
f 239//293 238//282 207//293
f 234//304 233//294 202//295
f 229//297 228//296 197//297
f 223//298 255//298 222//299
f 218//307 250//300 217//301
f 213//302 245//302 212//291
f 240//303 239//293 208//303
f 235//305 234//304 203//305
f 230//258 229//297 198//258
f 193//260 225//260 224//306
f 256//306 255//298 224//306
f 219//264 251//263 218//307
f 214//267 246//266 213//302
f 241//269 240//303 209//270
f 236//271 235//305 204//272
f 336//3 335//3 240//3
f 235//190 331//3 234//187
f 326//3 325//186 230//186
f 225//3 321//3 256//3
f 256//3 352//3 255//3
f 251//188 347//3 250//3
f 342//3 341//3 246//3
f 241//3 337//3 240//3
f 332//189 331//3 236//189
f 231//186 327//3 230//186
f 322//3 321//3 226//3
f 348//192 347//3 252//3
f 343//3 342//3 247//3
f 338//189 337//3 242//3
f 333//3 332//189 237//3
f 232//195 328//186 231//186
f 323//203 322//3 227//189
f 253//308 349//186 252//3
f 248//3 344//186 247//3
f 243//3 339//189 242//3
f 238//3 334//3 237//3
f 329//189 328//186 233//186
f 324//186 323//203 228//3
f 350//3 349//186 254//3
f 345//186 344//186 249//3
f 340//3 339//189 244//3
f 335//3 334//3 239//186
f 234//187 330//187 233//186
f 229//201 325//186 228//3
f 351//3 350//3 255//3
f 250//3 346//3 249//3
f 341//3 340//3 245//3
f 285//440 286//727 287//440
f 287//440 288//309 257//309
f 257//309 258//728 259//309
f 268//133 300//311 269//312
f 263//729 265//309 262//730
f 263//729 264//731 265//309
f 265//309 266//732 267//695
f 267//695 268//733 269//309
f 269//309 270//734 271//309
f 257//309 259//309 260//309
f 273//735 274//736 275//697
f 276//309 271//309 272//698
f 263//356 295//313 264//315
f 279//309 280//309 281//309
f 281//309 282//737 283//436
f 283//436 284//738 285//440
f 285//440 287//440 257//309
f 265//309 261//310 262//730
f 278//309 279//309 281//309
f 265//309 267//695 269//309
f 276//309 277//739 278//309
f 272//698 273//735 275//697
f 276//309 278//309 281//309
f 281//309 283//436 285//440
f 257//309 260//309 285//440
f 261//310 265//309 269//309
f 276//309 272//698 275//697
f 285//440 276//309 281//309
f 285//440 260//309 269//309
f 269//309 271//309 285//440
f 285//440 271//309 276//309
f 290//357 291//316 258//318
f 316//358 317//319 284//321
f 311//323 312//322 279//323
f 306//359 307//324 274//326
f 269//312 301//312 270//327
f 296//314 297//328 264//315
f 291//316 292//330 259//317
f 317//319 318//332 285//320
f 312//322 313//334 280//322
f 307//324 308//335 275//325
f 270//327 302//157 271//338
f 297//328 298//339 265//329
f 260//331 292//330 261//340
f 318//332 319//341 286//333
f 313//334 314//153 281//334
f 308//335 309//342 276//336
f 271//338 303//337 272//167
f 298//339 299//344 266//339
f 293//340 294//346 261//340
f 320//351 289//348 288//350
f 319//341 320//351 287//341
f 314//153 315//352 282//153
f 277//343 309//342 278//353
f 272//167 304//167 273//355
f 299//344 300//311 267//345
f 262//347 294//346 263//356
f 289//348 290//357 257//349
f 315//352 316//358 283//352
f 310//353 311//323 278//353
f 305//354 306//359 273//355
f 402//360 434//360 403//361
f 397//362 429//362 398//364
f 393//371 392//185 425//365
f 387//740 419//176 388//164
f 413//357 445//357 414//367
f 409//741 408//368 441//182
f 403//361 435//311 404//369
f 399//370 398//364 431//370
f 394//380 393//371 426//372
f 388//164 420//164 389//153
f 383//350 415//374 384//151
f 383//350 414//367 415//374
f 409//741 441//182 410//377
f 404//369 436//369 405//378
f 399//370 431//370 400//379
f 395//381 394//380 427//381
f 389//153 421//373 390//382
f 384//151 416//375 385//140
f 410//377 442//376 411//384
f 405//378 437//378 406//386
f 400//379 432//379 401//388
f 396//702 395//381 428//389
f 390//382 422//382 391//322
f 385//140 417//332 386//391
f 411//384 443//383 412//392
f 406//386 438//385 407//136
f 402//360 401//388 434//360
f 396//702 428//389 397//362
f 391//322 423//322 392//185
f 387//740 386//391 419//176
f 413//357 412//392 445//357
f 407//136 439//149 408//368
f 403//3 467//3 402//186
f 398//3 462//3 397//3
f 393//3 457//3 392//3
f 387//3 388//3 451//3
f 413//186 414//3 477//3
f 409//189 473//189 408//3
f 403//3 404//3 467//3
f 398//3 399//3 462//3
f 394//3 458//3 393//3
f 389//186 453//3 388//3
f 384//3 448//3 383//3
f 383//3 447//3 414//3
f 409//189 410//189 473//189
f 404//3 405//3 468//3
f 400//3 464//3 399//3
f 395//186 459//3 394//3
f 389//186 390//3 453//3
f 384//3 385//3 448//3
f 411//3 475//3 410//189
f 406//3 470//3 405//3
f 400//3 401//3 464//3
f 395//186 396//189 459//3
f 390//3 391//3 454//3
f 386//3 450//3 385//3
f 412//3 476//3 411//3
f 406//3 407//3 470//3
f 402//186 466//3 401//3
f 396//189 397//3 460//189
f 392//3 456//3 391//3
f 386//3 387//3 450//3
f 412//3 413//186 476//3
f 408//3 472//3 407//3
f 462//742 494//393 461//394
f 456//323 457//395 488//185
f 452//352 484//396 451//398
f 478//412 510//399 477//401
f 472//433 473//402 504//404
f 467//434 468//405 499//407
f 462//742 463//408 494//393
f 457//395 458//410 489//395
f 453//153 485//411 452//352
f 448//161 480//161 447//351
f 447//351 479//351 478//412
f 473//402 474//413 505//403
f 469//422 501//415 468//405
f 463//408 464//416 495//409
f 459//417 491//417 458//410
f 454//289 486//382 453//153
f 449//426 481//418 448//161
f 474//413 475//419 506//414
f 470//429 502//421 469//422
f 464//416 465//423 496//416
f 460//424 492//424 459//417
f 455//322 487//141 454//289
f 450//431 482//425 449//426
f 476//432 508//427 475//419
f 471//428 503//428 470//429
f 465//423 466//430 497//423
f 461//394 493//394 460//424
f 456//323 488//185 455//322
f 451//398 483//397 450//431
f 477//401 509//400 476//432
f 471//428 472//433 503//428
f 466//430 467//434 498//430
f 480//3 481//3 482//3
f 482//3 483//743 484//186
f 484//186 485//744 486//3
f 486//3 487//3 488//717
f 490//745 491//3 489//189
f 491//3 496//3 480//3
f 492//3 493//746 494//710
f 491//3 484//186 486//3
f 496//3 497//3 498//3
f 498//3 499//745 500//3
f 500//3 501//188 502//189
f 502//189 503//747 504//743
f 506//186 502//189 505//3
f 506//186 507//745 508//3
f 508//3 509//748 510//188
f 510//188 479//749 480//3
f 484//186 491//3 482//3
f 502//189 504//743 505//3
f 492//3 495//3 491//3
f 491//3 486//3 489//189
f 500//3 480//3 498//3
f 422//698 421//309 518//435
f 508//3 500//3 506//186
f 508//3 510//188 480//3
f 486//3 488//717 489//189
f 506//186 500//3 502//189
f 495//3 496//3 491//3
f 426//309 522//309 427//309
f 491//3 480//3 482//3
f 492//3 494//710 495//3
f 480//3 496//3 498//3
f 416//309 512//309 417//309
f 443//309 442//309 539//309
f 438//435 437//309 534//309
f 433//436 432//309 529//436
f 427//309 523//310 428//310
f 422//698 518//435 423//435
f 417//309 513//310 418//309
f 443//309 539//309 444//309
f 438//435 534//309 439//435
f 434//310 433//436 530//435
f 429//309 428//310 525//309
f 423//435 519//438 424//438
f 419//750 418//309 515//310
f 444//309 540//310 445//310
f 440//435 439//435 536//309
f 435//751 434//310 531//310
f 429//309 525//309 430//309
f 424//438 520//438 425//435
f 419//750 515//310 420//310
f 445//310 541//309 446//309
f 441//309 440//435 537//309
f 435//751 531//310 436//309
f 431//309 430//309 527//309
f 425//435 521//435 426//309
f 421//309 420//310 517//309
f 416//309 415//309 512//309
f 415//309 446//309 511//309
f 441//309 537//309 442//309
f 436//309 532//440 437//309
f 431//309 527//309 432//309
f 531//492 563//441 532//443
f 526//752 558//355 527//445
f 522//462 521//446 554//448
f 517//451 516//449 549//451
f 511//452 543//452 512//454
f 542//496 574//455 511//452
f 537//497 569//456 538//458
f 532//443 564//442 533//295
f 527//445 559//444 528//461
f 523//472 522//462 555//463
f 518//334 517//451 550//464
f 513//475 512//454 545//465
f 538//458 570//457 539//467
f 533//295 565//459 534//469
f 528//461 560//460 529//471
f 524//473 523//472 556//473
f 519//484 518//334 551//474
f 514//486 513//475 546//476
f 539//467 571//466 540//478
f 534//469 566//468 535//480
f 529//471 561//470 530//482
f 525//493 524//473 557//483
f 520//494 519//484 552//485
f 515//495 514//486 547//487
f 540//478 572//477 541//489
f 535//480 567//479 536//491
f 530//482 562//481 531//492
f 526//752 525//493 558//355
f 521//446 520//494 553//447
f 516//449 515//495 548//450
f 541//489 573//488 542//496
f 536//491 568//490 537//497
f 567//515 566//498 599//500
f 562//502 561//501 594//502
f 556//503 588//503 557//505
f 551//506 583//506 552//508
f 546//549 578//509 547//511
f 573//514 572//512 605//514
f 568//525 567//515 600//516
f 563//517 562//502 595//517
f 557//505 589//504 558//519
f 552//508 584//507 553//521
f 547//511 579//510 548//523
f 574//535 573//514 606//524
f 569//536 568//525 601//526
f 564//527 563//517 596//527
f 559//528 558//519 591//528
f 553//521 585//520 554//530
f 548//523 580//522 549//532
f 544//544 543//533 576//534
f 543//533 574//535 575//533
f 570//546 569//536 602//537
f 565//548 564//527 597//538
f 559//528 591//528 560//540
f 554//530 586//529 555//542
f 549//532 581//531 550//543
f 545//545 544//544 577//545
f 571//550 570//546 603//547
f 566//498 565//548 598//499
f 561//501 560//540 593//501
f 555//542 587//541 556//503
f 550//543 582//543 551//506
f 545//545 577//545 546//549
f 572//512 571//550 604//513
f 601//435 633//435 602//310
f 596//751 628//437 597//309
f 591//435 623//435 592//309
f 586//310 618//310 587//437
f 581//310 613//436 582//309
f 577//435 576//309 609//435
f 603//309 602//310 635//309
f 597//309 629//440 598//309
f 593//310 592//309 625//310
f 587//437 619//437 588//437
f 583//310 582//309 615//310
f 577//435 609//435 578//435
f 603//309 635//309 604//310
f 598//309 630//309 599//309
f 594//309 593//310 626//309
f 588//437 620//310 589//310
f 584//437 583//310 616//310
f 579//309 578//435 611//309
f 605//309 604//310 637//309
f 600//309 599//309 632//309
f 595//310 594//309 627//309
f 589//310 621//309 590//435
f 585//309 584//437 617//309
f 580//751 579//309 612//437
f 605//309 637//309 606//310
f 600//309 632//309 601//435
f 596//751 595//310 628//437
f 591//435 590//435 623//435
f 586//310 585//309 618//310
f 580//751 612//437 581//310
f 576//309 575//310 608//309
f 575//310 606//310 607//310
f 636//573 668//551 637//552
f 631//141 663//141 632//554
f 626//555 658//555 627//176
f 622//753 621//556 654//557
f 617//182 616//135 649//173
f 612//562 611//272 644//181
f 637//552 669//552 638//559
f 632//554 664//553 633//560
f 627//176 659//176 628//164
f 622//753 654//557 623//561
f 618//754 617//182 650//159
f 613//459 612//562 645//158
f 608//564 607//563 640//564
f 607//563 638//559 639//563
f 634//565 633//560 666//565
f 628//164 660//164 629//153
f 623//561 655//561 624//341
f 618//754 650//159 619//566
f 614//148 613//459 646//567
f 609//571 608//564 641//568
f 634//565 666//565 635//569
f 629//153 661//153 630//142
f 625//755 624//341 657//333
f 620//574 619//566 652//570
f 615//136 614//148 647//136
f 610//756 609//571 642//572
f 635//569 667//569 636//573
f 630//142 662//382 631//141
f 625//755 657//333 626//555
f 621//556 620//574 653//556
f 616//135 615//136 648//135
f 610//756 642//572 611//272
f 641//757 640//575 673//577
f 667//595 666//578 699//580
f 662//758 661//581 694//583
f 656//759 688//584 657//586
f 652//760 651//587 684//589
f 647//761 646//590 679//592
f 641//757 673//577 642//594
f 668//606 667//595 700//596
f 662//758 694//583 663//598
f 658//609 657//586 690//599
f 652//760 684//589 653//601
f 647//761 679//592 648//603
f 642//594 674//593 643//605
f 669//762 668//606 701//607
f 664//618 663//598 696//608
f 659//763 658//609 691//610
f 654//622 653//601 686//611
f 648//603 680//602 649//613
f 643//605 675//604 644//615
f 669//762 701//607 670//617
f 665//629 664//618 697//619
f 659//763 691//610 660//621
f 655//630 654//622 687//623
f 649//613 681//612 650//625
f 644//615 676//614 645//627
f 639//764 671//628 640//575
f 639//764 670//617 671//628
f 666//578 665//629 698//579
f 660//621 692//620 661//581
f 656//759 655//630 688//584
f 650//625 682//624 651//587
f 645//627 677//626 646//590
f 675//604 707//631 676//614
f 701//607 733//633 702//616
f 697//619 696//608 729//636
f 691//610 723//637 692//620
f 687//623 686//611 719//640
f 681//612 713//641 682//624
f 676//614 708//632 677//626
f 671//628 703//644 672//576
f 671//628 702//616 703//644
f 698//579 697//619 730//646
f 692//620 724//638 693//582
f 687//623 719//640 688//584
f 683//588 682//624 715//649
f 677//626 709//643 678//591
f 672//576 704//645 673//577
f 699//580 698//579 731//652
f 693//582 725//647 694//583
f 688//584 720//648 689//585
f 684//589 683//588 716//655
f 679//592 678//591 711//656
f 673//577 705//651 674//593
f 700//596 699//580 732//658
f 694//583 726//653 695//597
f 690//599 689//585 722//660
f 684//589 716//655 685//600
f 679//592 711//656 680//602
f 674//593 706//657 675//604
f 701//607 700//596 733//633
f 696//608 695//597 728//635
f 690//599 722//660 691//610
f 686//611 685//600 718//639
f 681//612 680//602 713//641
f 710//650 742//663 711//656
f 705//651 737//665 706//657
f 732//658 731//652 764//668
f 726//653 758//669 727//659
f 722//660 721//654 754//672
f 716//655 748//673 717//661
f 712//662 711//656 744//675
f 706//657 738//666 707//631
f 733//633 732//658 765//677
f 728//635 727//659 760//678
f 722//660 754//672 723//637
f 718//639 717//661 750//680
f 713//641 712//662 745//681
f 707//631 739//676 708//632
f 733//633 765//677 734//634
f 729//636 728//635 761//684
f 723//637 755//679 724//638
f 718//639 750//680 719//640
f 713//641 745//681 714//642
f 708//632 740//682 709//643
f 703//644 735//689 704//645
f 703//644 734//634 735//689
f 729//636 761//684 730//646
f 725//647 724//638 757//692
f 719//640 751//686 720//648
f 715//649 714//642 747//694
f 709//643 741//688 710//650
f 704//645 736//690 705//651
f 731//652 730//646 763//667
f 725//647 757//692 726//653
f 720//648 752//693 721//654
f 716//655 715//649 748//673
f 737//695 736//765 735//436
f 735//436 766//766 765//697
f 290//697 354//697 291//309
f 763//767 762//768 761//439
f 759//698 758//769 760//770
f 754//771 752//310 764//772
f 755//773 758//769 756//774
f 754//771 753//775 752//310
f 748//696 735//436 752//310
f 749//776 748//696 750//777
f 748//696 745//778 744//695
f 747//778 746//779 745//778
f 743//780 741//781 744//695
f 743//780 742//782 741//781
f 739//783 737//695 740//784
f 739//783 738//785 737//695
f 752//310 751//786 750//777
f 763//767 761//439 758//769
f 758//769 761//439 760//770
f 758//769 757//787 756//774
f 754//771 763//767 755//773
f 737//695 735//436 748//696
f 741//781 740//784 744//695
f 740//784 737//695 744//695
f 755//773 763//767 758//769
f 748//696 747//778 745//778
f 752//310 735//436 765//697
f 359//309 360//309 295//309
f 764//772 763//767 754//771
f 748//696 752//310 750//777
f 752//310 765//697 764//772
f 380//309 381//309 316//309
f 375//309 376//309 311//309
f 306//309 370//309 307//309
f 365//435 366//309 301//435
f 296//309 360//309 297//309
f 355//309 356//310 291//309
f 381//309 382//309 317//309
f 312//309 376//309 313//309
f 307//309 371//309 308//309
f 302//310 366//309 303//309
f 361//309 362//310 297//309
f 356//310 357//309 292//310
f 318//698 382//309 319//309
f 313//309 377//309 314//309
f 372//309 373//309 308//309
f 367//309 368//309 303//309
f 298//310 362//310 299//309
f 293//309 357//309 294//309
f 768//309 353//309 320//309
f 767//309 768//309 319//309
f 378//309 379//309 314//309
f 373//309 374//309 309//309
f 304//309 368//309 305//309
f 299//309 363//309 300//435
f 358//309 359//309 294//309
f 289//310 353//309 290//697
f 315//309 379//309 316//309
f 374//309 375//309 310//309
f 369//309 370//309 305//309
f 364//435 365//435 300//435
f 360//149 359//135 328//136
f 355//701 354//700 323//701
f 381//391 380//176 349//391
f 344//322 376//322 343//323
f 339//389 371//702 338//362
f 366//388 365//360 334//387
f 361//386 360//149 329//386
f 356//384 355//701 324//383
f 350//332 382//418 349//391
f 377//382 376//322 345//382
f 340//381 372//381 339//389
f 367//379 366//388 335//379
f 362//378 361//386 330//295
f 325//377 357//703 324//383
f 767//161 382//418 351//704
f 378//373 377//382 346//373
f 341//380 373//410 340//381
f 368//370 367//379 336//370
f 363//369 362//378 331//369
f 358//182 357//703 326//182
f 353//367 768//350 321//367
f 768//350 767//161 352//374
f 347//175 379//175 346//373
f 374//705 373//410 342//371
f 369//364 368//370 337//364
f 364//361 363//369 332//311
f 359//135 358//182 327//699
f 322//700 354//700 321//367
f 380//176 379//175 348//176
f 375//185 374//705 343//323
f 370//362 369//364 338//362
f 333//360 365//360 332//311
